-3.875392302870750427e-02
-3.598197549581527710e-02
-3.745691478252410889e-02
-3.738650679588317871e-02
-3.554388508200645447e-02
-2.887834236025810242e-02
-2.591133117675781250e-02
-2.741224691271781921e-02
-2.690790593624114990e-02
-2.338637411594390869e-02
-2.202438563108444214e-02
-2.151352167129516602e-02
-2.110269479453563690e-02
-2.218045294284820557e-02
-1.783349364995956421e-02
-1.576813124120235443e-02
-1.705361716449260712e-02
-1.505034416913986206e-02
-1.452500559389591217e-02
-1.262172870337963104e-02
-1.101702079176902771e-02
-1.221511885523796082e-02
-1.300020702183246613e-02
-1.405967399477958679e-02
-1.662873849272727966e-02
-1.680643483996391296e-02
-1.993644610047340393e-02
-1.970184966921806335e-02
-2.307285740971565247e-02
-2.494265139102935791e-02
-2.744828909635543823e-02
-2.948697283864021301e-02
-3.021143004298210144e-02
-3.188044577836990356e-02
-3.220764920115470886e-02
-3.325702995061874390e-02
-3.283154964447021484e-02
-3.619321808218955994e-02
-3.395772725343704224e-02
-3.758371993899345398e-02
-3.800465911626815796e-02
-3.627874702215194702e-02
-3.652099147439002991e-02
-3.595282137393951416e-02
-3.771866485476493835e-02
-3.814387694001197815e-02
-3.737324476242065430e-02
-3.449193015694618225e-02
-3.546538949012756348e-02
-3.526995331048965454e-02
-3.608914837241172791e-02
-3.542038053274154663e-02
-3.579571098089218140e-02
-3.668315336108207703e-02
-3.682373464107513428e-02
-3.762986138463020325e-02
-3.886020556092262268e-02
-4.007118567824363708e-02
-4.203677549958229065e-02
-4.167777672410011292e-02
-3.980552032589912415e-02
-3.606364503502845764e-02
-3.706404939293861389e-02
-3.168139606714248657e-02
-2.782131545245647430e-02
-2.426458522677421570e-02
-2.469849213957786560e-02
-2.279516309499740601e-02
-2.653019316494464874e-02
-2.841301262378692627e-02
-2.015803940594196320e-02
-1.761214621365070343e-02
-2.334189414978027344e-02
-2.010508812963962555e-02
-2.616626769304275513e-02
-2.348426356911659241e-02
-2.099636569619178772e-02
-2.674077823758125305e-02
-2.546750009059906006e-02
-3.152156993746757507e-02
-3.644145652651786804e-02
-4.196061566472053528e-02
-4.022366181015968323e-02
-4.230251908302307129e-02
-4.188557714223861694e-02
-3.948317840695381165e-02
-4.357170686125755310e-02
-4.319243505597114563e-02
-4.359940066933631897e-02
-4.234698787331581116e-02
-4.290410131216049194e-02
-4.420079290866851807e-02
-4.236121848225593567e-02
-3.864933922886848450e-02
-4.133895784616470337e-02
-4.197914898395538330e-02
-4.077406600117683411e-02
-4.378043487668037415e-02
-4.421728104352951050e-02
-4.486970975995063782e-02
-4.190679267048835754e-02
-3.918940573930740356e-02
-3.885429725050926208e-02
-3.464828804135322571e-02
-3.950236365199089050e-02
-3.557770699262619019e-02
-3.052440285682678223e-02
-2.392722666263580322e-02
-2.545197308063507080e-02
-1.617687009274959564e-02
-1.294946484267711639e-02
-9.918499737977981567e-03
-7.532883901149034500e-03
-6.977953482419252396e-03
-5.758272949606180191e-03
-7.700693327933549881e-03
-8.275803178548812866e-03
-1.068151928484439850e-02
-1.191320084035396576e-02
-1.468077115714550018e-02
-1.578098349273204803e-02
-2.002389915287494659e-02
-2.330401539802551270e-02
-2.851560525596141815e-02
-3.115351125597953796e-02
-3.419347107410430908e-02
-3.671458363533020020e-02
-3.516262397170066833e-02
-3.721341863274574280e-02
-3.206057846546173096e-02
-3.260552883148193359e-02
-3.573773428797721863e-02
-3.672863915562629700e-02
-3.855279460549354553e-02
-3.823244571685791016e-02
-3.757530078291893005e-02
-3.849983587861061096e-02
-3.590033948421478271e-02
-3.128689900040626526e-02
-3.449390456080436707e-02
-3.566926345229148865e-02
-3.887534514069557190e-02
-3.832447156310081482e-02
-3.902773559093475342e-02
-3.804520145058631897e-02
-3.748187422752380371e-02
-3.544933348894119263e-02
-3.557218238711357117e-02
-3.662009909749031067e-02
-3.669933229684829712e-02
-3.509910404682159424e-02
-3.549432009458541870e-02
-3.511933237314224243e-02
-2.689983136951923370e-02
-1.989777386188507080e-02
-9.761214256286621094e-03
-1.267305575311183929e-02
-5.668262485414743423e-03
5.635441746562719345e-03
5.568327847868204117e-03
7.640111725777387619e-03
7.163714151829481125e-03
5.538079421967267990e-03
1.388381700962781906e-03
-3.286704886704683304e-03
-6.694261450320482254e-03
-1.298257336020469666e-02
-1.533958874642848969e-02
-2.252257056534290314e-02
-2.782225236296653748e-02
-3.122733905911445618e-02
-3.454564139246940613e-02
-3.681659698486328125e-02
-3.303569927811622620e-02
-3.746423870325088501e-02
-4.432547092437744141e-02
-4.107341542840003967e-02
-3.954429179430007935e-02
-3.687367215752601624e-02
-3.541021794080734253e-02
-3.807353973388671875e-02
-3.765162080526351929e-02
-3.540097922086715698e-02
-2.443812787532806396e-02
-3.321265801787376404e-02
-3.710645809769630432e-02
-3.863187506794929504e-02
-3.871040046215057373e-02
-3.987844660878181458e-02
-3.762215003371238708e-02
-3.693369776010513306e-02
-3.724970296025276184e-02
-3.953087702393531799e-02
-3.543098643422126770e-02
-2.885714359581470490e-02
-2.027576230466365814e-02
-1.923933811485767365e-02
-1.681713573634624481e-02
-2.767239231616258621e-03
1.268513035029172897e-03
2.851522993296384811e-03
8.590552955865859985e-03
1.102966815233230591e-02
1.234863325953483582e-02
1.590173318982124329e-02
2.220916748046875000e-02
2.510363981127738953e-02
2.821255847811698914e-02
3.121652826666831970e-02
3.089907392859458923e-02
3.195318952202796936e-02
2.821527421474456787e-02
2.396685071289539337e-02
1.936649717390537262e-02
1.217639073729515076e-02
5.946084391325712204e-03
-3.206670284271240234e-03
-1.785195618867874146e-02
-1.908690296113491058e-02
-2.532313764095306396e-02
-2.667788788676261902e-02
-3.118806332349777222e-02
-3.481339290738105774e-02
-3.614053502678871155e-02
-3.603413328528404236e-02
-3.647708892822265625e-02
-3.701123222708702087e-02
-3.766961023211479187e-02
-3.492471575736999512e-02
-3.652891516685485840e-02
-3.554294630885124207e-02
-3.645998239517211914e-02
-3.504802659153938293e-02
-3.791910782456398010e-02
-3.965080156922340393e-02
-3.874334692955017090e-02
-3.786527365446090698e-02
-3.465668857097625732e-02
-3.707661107182502747e-02
-3.675853833556175232e-02
-3.942153230309486389e-02
-3.939303383231163025e-02
-3.959573805332183838e-02
-3.577332943677902222e-02
-3.313833847641944885e-02
-3.151521086692810059e-02
-3.317926451563835144e-02
-3.203269466757774353e-02
-2.603928931057453156e-02
-3.248683735728263855e-02
-2.663643658161163330e-02
-2.610520832240581512e-02
-6.866373587399721146e-03
-4.953016992658376694e-03
2.214125823229551315e-03
1.905504148453474045e-03
5.046534817665815353e-03
3.145616035908460617e-03
4.101614933460950851e-03
1.603751908987760544e-03
2.649466972798109055e-03
-2.797686029225587845e-03
-7.005371619015932083e-03
-1.556579768657684326e-02
-1.991999149322509766e-02
-2.542807534337043762e-02
-2.926790900528430939e-02
-3.357831016182899475e-02
-3.701879829168319702e-02
-3.236034139990806580e-02
-3.472669795155525208e-02
-3.771743178367614746e-02
-3.475484997034072876e-02
-3.553861379623413086e-02
-3.397146984934806824e-02
-3.399506583809852600e-02
-2.913833968341350555e-02
-3.077528253197669983e-02
-3.082891367375850677e-02
-3.516864776611328125e-02
-3.948969766497612000e-02
-3.988877683877944946e-02
-4.010646417737007141e-02
-3.688245266675949097e-02
-3.817315027117729187e-02
-3.450357913970947266e-02
-3.678684681653976440e-02
-3.113306872546672821e-02
-2.640769816935062408e-02
-2.784258872270584106e-02
-1.672683283686637878e-02
-2.853293344378471375e-02
-2.496340312063694000e-02
-1.961040869355201721e-02
-1.638139039278030396e-02
-1.279165968298912048e-02
-1.149365678429603577e-02
-9.313125163316726685e-03
-4.677173215895891190e-03
-4.609588999301195145e-03
6.411354523152112961e-03
6.127617787569761276e-03
1.448601111769676208e-02
1.692288741469383240e-02
1.740505918860435486e-02
1.686110347509384155e-02
1.746589690446853638e-02
1.350110396742820740e-02
1.225433126091957092e-02
6.012593861669301987e-03
2.474579494446516037e-03
-3.603945020586252213e-03
-7.880462333559989929e-03
-1.224024407565593719e-02
-1.495638489723205566e-02
-1.955863274633884430e-02
-1.978848874568939209e-02
-1.940183341503143311e-02
-1.722383871674537659e-02
-1.692312024533748627e-02
-1.451993919909000397e-02
-1.186607778072357178e-02
-6.460790988057851791e-03
-5.831310059875249863e-03
-3.313273889943957329e-03
-1.819028984755277634e-03
1.151382457464933395e-03
4.114576149731874466e-03
8.400181308388710022e-03
7.527213077992200851e-03
1.018296927213668823e-02
1.274938881397247314e-02
1.571061648428440094e-02
1.136237382888793945e-02
1.780083402991294861e-02
1.960810646414756775e-02
2.016616240143775940e-02
2.298299223184585571e-02
2.371159195899963379e-02
2.593938633799552917e-02
2.740760520100593567e-02
2.923149242997169495e-02
3.132634237408638000e-02
3.428705409169197083e-02
3.612254932522773743e-02
3.859109431505203247e-02
4.043767973780632019e-02
4.269867762923240662e-02
4.491784796118736267e-02
4.880581423640251160e-02
5.179138481616973877e-02
5.410233512520790100e-02
5.683118477463722229e-02
5.766815319657325745e-02
5.848243460059165955e-02
5.982875451445579529e-02
5.856462940573692322e-02
5.894548818469047546e-02
5.072716623544692993e-02
4.552606120705604553e-02
3.566303104162216187e-02
2.748614922165870667e-02
2.177198603749275208e-02
1.560622826218605042e-02
8.010098710656166077e-03
2.737232949584722519e-03
-2.121142344549298286e-03
-7.565891835838556290e-03
-9.461212903261184692e-03
-9.110011160373687744e-03
-9.649008512496948242e-03
-8.911866694688796997e-03
-8.849807083606719971e-03
-7.888184860348701477e-03
-6.075819954276084900e-03
-6.441424135118722916e-03
-3.659083042293787003e-03
-1.974546816200017929e-03
-1.155191566795110703e-03
3.822525031864643097e-04
4.484164994210004807e-03
4.229289013892412186e-03
5.874600727111101151e-03
8.698906749486923218e-03
9.278029203414916992e-03
1.532175764441490173e-02
2.184825018048286438e-02
2.852110192179679871e-02
2.952446043491363525e-02
3.420514985918998718e-02
3.801564127206802368e-02
4.277699813246726990e-02
4.586589708924293518e-02
5.023210868239402771e-02
5.512846633791923523e-02
6.080790981650352478e-02
6.596409529447555542e-02
7.262600958347320557e-02
7.757616788148880005e-02
8.355063945055007935e-02
8.794355392456054688e-02
8.890328556299209595e-02
8.957134932279586792e-02
8.604865521192550659e-02
8.142009377479553223e-02
7.841522246599197388e-02
7.405690848827362061e-02
6.840204447507858276e-02
5.852850154042243958e-02
4.251702502369880676e-02
2.624173834919929504e-02
1.999193429946899414e-02
1.100008003413677216e-02
-4.171556327491998672e-03
-1.644506677985191345e-02
-2.417218498885631561e-02
-2.837209962308406830e-02
-3.474200889468193054e-02
-2.977315708994865417e-02
-2.859540469944477081e-02
-3.055766783654689789e-02
-2.635081857442855835e-02
-2.519761957228183746e-02
-2.491571381688117981e-02
-1.950268633663654327e-02
-1.957116276025772095e-02
-1.486601866781711578e-02
-1.209003105759620667e-02
-1.163605041801929474e-02
-1.036657765507698059e-02
-4.505478311330080032e-03
-4.301503766328096390e-03
1.861689146608114243e-03
5.062307696789503098e-03
8.824856951832771301e-03
1.253419741988182068e-02
1.227277889847755432e-02
2.042227983474731445e-02
2.517769671976566315e-02
2.975616231560707092e-02
3.253354504704475403e-02
3.755442053079605103e-02
4.095190390944480896e-02
4.293463006615638733e-02
4.917189106345176697e-02
6.371930986642837524e-02
7.141871750354766846e-02
7.716616243124008179e-02
8.062704652547836304e-02
7.862909883260726929e-02
8.291795104742050171e-02
8.629042655229568481e-02
8.146937191486358643e-02
8.303871750831604004e-02
7.459460943937301636e-02
7.409101724624633789e-02
6.593199819326400757e-02
5.991652980446815491e-02
3.909198567271232605e-02
2.720270678400993347e-02
8.717527613043785095e-03
-6.669992581009864807e-05
-2.657618746161460876e-02
-1.569191180169582367e-02
-1.908903010189533234e-02
-1.844813302159309387e-02
-2.045276574790477753e-02
-2.035091444849967957e-02
-2.100534364581108093e-02
-1.872868649661540985e-02
-1.840222626924514771e-02
-1.945948041975498199e-02
-1.563035696744918823e-02
-1.504236459732055664e-02
-1.503669098019599915e-02
-9.734116494655609131e-03
-1.099550724029541016e-02
-6.441951263695955276e-03
-6.572101730853319168e-03
-6.221943069249391556e-03
-7.970664650201797485e-03
-4.158888477832078934e-03
-4.738577175885438919e-03
2.198164816945791245e-03
4.858720581978559494e-03
8.279561996459960938e-03
1.292953267693519592e-02
1.510735228657722473e-02
1.845692843198776245e-02
2.158500626683235168e-02
2.494268119335174561e-02
2.671890333294868469e-02
3.223243728280067444e-02
3.559438511729240417e-02
4.063151404261589050e-02
4.271558299660682678e-02
4.632948711514472961e-02
4.797778651118278503e-02
4.535287618637084961e-02
4.115707799792289734e-02
3.762380406260490417e-02
3.193679451942443848e-02
2.853110432624816895e-02
1.906101778149604797e-02
1.139333471655845642e-02
3.634074237197637558e-03
-1.944289542734622955e-04
-6.839977577328681946e-04
-5.797878373414278030e-03
-6.579874549061059952e-03
-9.184364229440689087e-03
-1.204796321690082550e-02
-1.581540331244468689e-02
-1.715041510760784149e-02
-1.463229022920131683e-02
-1.465669646859169006e-02
-1.391196064651012421e-02
-1.209615264087915421e-02
-1.231516711413860321e-02
-1.257322728633880615e-02
-9.000381454825401306e-03
-5.117577034980058670e-03
-2.278514672070741653e-03
-5.923104472458362579e-04
4.522646777331829071e-04
3.607233520597219467e-03
-1.074246130883693695e-03
2.679546829313039780e-03
1.426497008651494980e-03
5.601459648460149765e-03
6.837614346295595169e-03
1.199332438409328461e-02
1.706718467175960541e-02
2.761540934443473816e-02
3.297037258744239807e-02
3.769023343920707703e-02
4.219896718859672546e-02
4.582943394780158997e-02
5.159508809447288513e-02
5.688234791159629822e-02
6.079462543129920959e-02
6.681850552558898926e-02
7.116671651601791382e-02
7.366435974836349487e-02
7.216688245534896851e-02
7.363975793123245239e-02
7.665574550628662109e-02
7.456230372190475464e-02
7.058205455541610718e-02
6.472694873809814453e-02
5.946950986981391907e-02
4.488519951701164246e-02
2.463913336396217346e-02
1.056546717882156372e-02
4.362955223768949509e-03
-9.103310294449329376e-04
-1.276519894599914551e-02
-2.520762942731380463e-02
-2.383770793676376343e-02
-2.737755700945854187e-02
-2.913232892751693726e-02
-3.040013648569583893e-02
-2.950252965092658997e-02
-2.676055580377578735e-02
-2.666186541318893433e-02
-2.506783604621887207e-02
-2.501210570335388184e-02
-2.477519959211349487e-02
-2.486295253038406372e-02
-2.345728501677513123e-02
-2.377683669328689575e-02
-2.179500088095664978e-02
-2.264904417097568512e-02
-2.268379554152488708e-02
-2.039618603885173798e-02
-2.159457653760910034e-02
-2.060021460056304932e-02
-1.867385581135749817e-02
-1.641509681940078735e-02
-1.682018302381038666e-02
-1.460083015263080597e-02
-1.251449808478355408e-02
3.202985506504774094e-03
7.357311900705099106e-03
1.155584678053855896e-02
1.170960441231727600e-02
1.524792052805423737e-02
1.774671114981174469e-02
2.099661901593208313e-02
2.278612926602363586e-02
2.570017054677009583e-02
2.873543277382850647e-02
2.946390211582183838e-02
2.979944646358489990e-02
2.671237662434577942e-02
2.565314248204231262e-02
2.472550608217716217e-02
2.308067306876182556e-02
2.284761890769004822e-02
1.871722564101219177e-02
1.823436841368675232e-02
1.424686610698699951e-02
9.876584634184837341e-03
6.640326697379350662e-03
5.810291040688753128e-03
3.674544859677553177e-03
6.048997398465871811e-03
4.920240025967359543e-03
2.616588491946458817e-03
2.172470558434724808e-03
2.778471913188695908e-03
4.714545328170061111e-03
4.061069805175065994e-03
3.357508685439825058e-03
3.513092640787363052e-03
4.300314467400312424e-03
8.447123691439628601e-03
1.399362646043300629e-02
1.595863327383995056e-02
1.722461730241775513e-02
1.955123059451580048e-02
2.165374532341957092e-02
2.699258551001548767e-02
2.935387566685676575e-02
2.848844975233078003e-02
3.403365239500999451e-02
3.784881159663200378e-02
4.577876999974250793e-02
5.183238908648490906e-02
5.496604368090629578e-02
5.843294784426689148e-02
6.273884326219558716e-02
6.785529851913452148e-02
7.503626495599746704e-02
8.102364838123321533e-02
8.793663978576660156e-02
9.510199725627899170e-02
1.014190688729286194e-01
1.100396886467933655e-01
1.178666874766349792e-01
1.229375079274177551e-01
1.254073977470397949e-01
1.332441121339797974e-01
1.394219100475311279e-01
1.403477489948272705e-01
1.376344859600067139e-01
1.283375322818756104e-01
1.265558451414108276e-01
1.120344996452331543e-01
9.110024571418762207e-02
6.914465874433517456e-02
5.770377442240715027e-02
4.249286651611328125e-02
2.729051932692527771e-02
1.382071152329444885e-02
1.252058427780866623e-03
-5.661558825522661209e-03
-6.540146190673112869e-03
-8.220005780458450317e-03
-7.607879582792520523e-03
-3.593996632844209671e-03
-1.254555303603410721e-03
3.098580054938793182e-04
4.230658989399671555e-03
6.019111257046461105e-03
9.759884327650070190e-03
1.154508069157600403e-02
1.593030989170074463e-02
1.821681112051010132e-02
2.158618345856666565e-02
2.337670885026454926e-02
2.789777517318725586e-02
3.170354291796684265e-02
3.784387931227684021e-02
4.107327386736869812e-02
4.445144161581993103e-02
4.966872557997703552e-02
5.460303649306297302e-02
6.190186366438865662e-02
6.942724436521530151e-02
7.288884371519088745e-02
7.929857075214385986e-02
8.648625761270523071e-02
9.703259915113449097e-02
1.064846292138099670e-01
1.124862506985664368e-01
1.198297366499900818e-01
1.254789084196090698e-01
1.348941624164581299e-01
1.412412524223327637e-01
1.426402032375335693e-01
1.394052207469940186e-01
1.317014992237091064e-01
1.193521395325660706e-01
1.185903474688529968e-01
1.186492145061492920e-01
1.157914474606513977e-01
9.845558553934097290e-02
7.814006507396697998e-02
5.968223884701728821e-02
4.195608198642730713e-02
2.680714428424835205e-02
1.220340281724929810e-02
8.580863475799560547e-03
1.139193307608366013e-03
-1.074916310608386993e-02
2.105831634253263474e-03
1.772488933056592941e-03
5.639042239636182785e-03
7.150146644562482834e-03
1.016755774617195129e-02
1.247408613562583923e-02
1.679763570427894592e-02
1.966665126383304596e-02
2.349323406815528870e-02
2.615753561258316040e-02
3.051950410008430481e-02
3.429663553833961487e-02
3.974247351288795471e-02
4.153908789157867432e-02
4.930706322193145752e-02
5.312589928507804871e-02
5.755842849612236023e-02
6.570694595575332642e-02
7.065556943416595459e-02
7.717672735452651978e-02
8.246143162250518799e-02
9.040143340826034546e-02
9.785081446170806885e-02
1.057935059070587158e-01
1.147637888789176941e-01
1.230633482336997986e-01
1.313924193382263184e-01
1.412542760372161865e-01
1.493953168392181396e-01
1.552669554948806763e-01
1.599072664976119995e-01
1.614763438701629639e-01
1.577730476856231689e-01
1.457495689392089844e-01
1.407274454832077026e-01
1.362543106079101562e-01
1.214716508984565735e-01
1.039741635322570801e-01
8.534108847379684448e-02
7.506386190652847290e-02
7.278131693601608276e-02
6.440187245607376099e-02
4.506556689739227295e-02
3.511543944478034973e-02
2.077222988009452820e-02
6.473370362073183060e-03
7.866371423006057739e-03
8.569749072194099426e-03
1.018368452787399292e-02
1.038697920739650726e-02
1.513784378767013550e-02
1.575834490358829498e-02
1.734170131385326385e-02
1.804842613637447357e-02
2.420859411358833313e-02
2.570274844765663147e-02
2.769998461008071899e-02
3.046289831399917603e-02
3.403365239500999451e-02
3.699450194835662842e-02
4.357077926397323608e-02
4.787237569689750671e-02
5.158551409840583801e-02
5.639887228608131409e-02
6.226873025298118591e-02
6.678602099418640137e-02
7.069330662488937378e-02
7.720325142145156860e-02
8.062861859798431396e-02
9.041126817464828491e-02
9.883552044630050659e-02
1.070369258522987366e-01
1.113449111580848694e-01
1.255186051130294800e-01
1.343119591474533081e-01
1.468147635459899902e-01
1.557062268257141113e-01
1.599774360656738281e-01
1.635280251502990723e-01
1.609054803848266602e-01
1.554788947105407715e-01
1.482908725738525391e-01
1.393919587135314941e-01
1.246845647692680359e-01
1.070229038596153259e-01
9.283225983381271362e-02
8.076973259449005127e-02
6.891755014657974243e-02
5.843723192811012268e-02
4.732621833682060242e-02
3.747748956084251404e-02
2.959953993558883667e-02
2.293943241238594055e-02
1.637728884816169739e-02
5.396664608269929886e-03
1.217280980199575424e-03
5.194810219109058380e-04
-1.301801297813653946e-03
2.993775997310876846e-03
1.788896974176168442e-03
4.688885528594255447e-03
4.537736531347036362e-03
8.045386523008346558e-03
1.104945875704288483e-02
1.332197338342666626e-02
1.539720594882965088e-02
1.468636840581893921e-02
1.595401018857955933e-02
1.971223391592502594e-02
1.718193106353282928e-02
2.257550135254859924e-02
2.554108202457427979e-02
2.685601264238357544e-02
3.277086094021797180e-02
3.589116036891937256e-02
3.925592452287673950e-02
3.238814324140548706e-02
4.381159320473670959e-02
5.125214532017707825e-02
5.639098957180976868e-02
6.292240321636199951e-02
7.036826759576797485e-02
7.537409663200378418e-02
8.077406138181686401e-02
8.496737480163574219e-02
8.629675954580307007e-02
8.475995808839797974e-02
8.712666481733322144e-02
9.016438573598861694e-02
8.368942886590957642e-02
8.066559582948684692e-02
7.702657580375671387e-02
7.089162617921829224e-02
6.808883696794509888e-02
7.206319272518157959e-02
6.102387979626655579e-02
5.403389036655426025e-02
4.561832919716835022e-02
3.018578886985778809e-02
1.404474303126335144e-02
1.030602864921092987e-02
1.000338606536388397e-02
3.764945548027753830e-03
7.502273656427860260e-04
3.011156339198350906e-03
4.525940399616956711e-03
6.645447108894586563e-03
8.505318313837051392e-03
1.101168990135192871e-02
1.314971596002578735e-02
1.655700430274009705e-02
1.911658793687820435e-02
1.967481710016727448e-02
2.148511633276939392e-02
2.626684308052062988e-02
2.923058718442916870e-02
3.280493989586830139e-02
3.665769100189208984e-02
4.146708175539970398e-02
4.460665956139564514e-02
4.959106445312500000e-02
5.558016523718833923e-02
5.977414920926094055e-02
6.677324324846267700e-02
7.275257259607315063e-02
7.860190421342849731e-02
8.675584942102432251e-02
9.383383393287658691e-02
1.020138487219810486e-01
1.101942285895347595e-01
1.172773763537406921e-01
1.276440620422363281e-01
1.363088786602020264e-01
1.450565755367279053e-01
1.507370173931121826e-01
1.483625024557113647e-01
1.397215723991394043e-01
1.316964179277420044e-01
1.145362332463264465e-01
9.017256647348403931e-02
8.074496686458587646e-02
6.326440721750259399e-02
5.205760523676872253e-02
4.013403132557868958e-02
3.505993634462356567e-02
1.550575345754623413e-02
2.252290025353431702e-02
1.244617812335491180e-02
-1.466585788875818253e-03
-1.291969232261180878e-02
-2.174458093941211700e-02
-2.513512596487998962e-02
-2.632078900933265686e-02
-2.597884088754653931e-02
-2.567047066986560822e-02
-2.441631443798542023e-02
-2.461256273090839386e-02
-2.310372516512870789e-02
-2.348420396447181702e-02
-2.253469452261924744e-02
-2.078083157539367676e-02
-1.809063926339149475e-02
-1.740555465221405029e-02
-1.378520205616950989e-02
-1.281866803765296936e-02
-8.654762059450149536e-03
-5.566556472331285477e-03
-5.622070748358964920e-03
-1.423087436705827713e-03
-8.756341412663459778e-05
5.050036590546369553e-03
7.664214354008436203e-03
1.071551814675331116e-02
1.463673636317253113e-02
1.899720355868339539e-02
2.212611213326454163e-02
2.587543800473213196e-02
3.140925243496894836e-02
3.560185804963111877e-02
4.066106304526329041e-02
4.367008060216903687e-02
4.204979166388511658e-02
3.489822521805763245e-02
3.292163088917732239e-02
2.263698726892471313e-02
2.003758773207664490e-02
1.327876001596450806e-02
3.787785302847623825e-03
-1.066734548658132553e-03
-2.585573587566614151e-03
-7.263560313731431961e-03
-1.093832030892372131e-02
-1.175385341048240662e-02
-1.101516559720039368e-02
-1.476048305630683899e-02
-1.636020466685295105e-02
-1.879671588540077209e-02
-2.042599208652973175e-02
-1.904049701988697052e-02
-2.253389544785022736e-02
-1.950835809111595154e-02
-1.934278570115566254e-02
-1.699524745345115662e-02
-1.706147193908691406e-02
-1.375988125801086426e-02
-1.184402778744697571e-02
-1.128602400422096252e-02
-8.369605988264083862e-03
-5.827786866575479507e-03
-3.578542266041040421e-03
-5.571250803768634796e-04
1.306820195168256760e-03
4.154357593506574631e-03
6.356935482472181320e-03
1.015542075037956238e-02
1.485585793852806091e-02
1.785254850983619690e-02
2.161268517374992371e-02
2.609521523118019104e-02
3.041609749197959900e-02
3.511220589280128479e-02
4.147510603070259094e-02
4.519844427704811096e-02
5.151670053601264954e-02
5.521694198250770569e-02
6.370880454778671265e-02
7.071241736412048340e-02
7.708985358476638794e-02
8.199047297239303589e-02
8.364351838827133179e-02
8.675383031368255615e-02
8.732331544160842896e-02
9.006626158952713013e-02
8.955682069063186646e-02
8.271285891532897949e-02
8.151552081108093262e-02
6.731451302766799927e-02
6.026406213641166687e-02
5.656578764319419861e-02
4.892781004309654236e-02
3.453413024544715881e-02
1.921468973159790039e-02
5.005718674510717392e-03
-1.626467797905206680e-03
-7.015092764049768448e-03
-1.359773613512516022e-02
-1.584002375602722168e-02
-1.596199721097946167e-02
-1.639103144407272339e-02
-1.570257544517517090e-02
-1.228249073028564453e-02
-1.171252131462097168e-02
-1.073883101344108582e-02
-9.380917996168136597e-03
-6.500777322798967361e-03
-4.658099729567766190e-03
-2.119642216712236404e-03
2.005043905228376389e-03
4.840567242354154587e-03
9.696904569864273071e-03
1.029578968882560730e-02
1.626061648130416870e-02
2.103157341480255127e-02
2.413872629404067993e-02
3.160189837217330933e-02
3.338946402072906494e-02
3.797566518187522888e-02
4.605112969875335693e-02
5.204160138964653015e-02
5.813517794013023376e-02
6.420300155878067017e-02
7.055790722370147705e-02
7.674191147089004517e-02
8.405225723981857300e-02
9.094075113534927368e-02
9.851384907960891724e-02
1.072496101260185242e-01
1.144578158855438232e-01
1.204845234751701355e-01
1.188881173729896545e-01
1.135604158043861389e-01
1.071639135479927063e-01
9.634295850992202759e-02
7.935612648725509644e-02
7.537583261728286743e-02
6.579606235027313232e-02
4.271738976240158081e-02
1.647961512207984924e-02
1.871832087635993958e-02
1.717505231499671936e-02
3.992270212620496750e-03
5.682199727743864059e-03
2.454567234963178635e-03
-1.889006700366735458e-03
-3.091993741691112518e-03
-1.663577277213335037e-03
1.880198251456022263e-03
1.013926696032285690e-03
5.245778243988752365e-03
1.028858870267868042e-02
1.397987455129623413e-02
1.661616750061511993e-02
2.081812731921672821e-02
2.501218393445014954e-02
2.808635309338569641e-02
3.224378451704978943e-02
3.816233947873115540e-02
4.331589117646217346e-02
4.759712144732475281e-02
5.289981141686439514e-02
5.877837911248207092e-02
6.364212185144424438e-02
7.085988670587539673e-02
7.577481120824813843e-02
8.248957991600036621e-02
9.159135073423385620e-02
9.791094064712524414e-02
1.071698442101478577e-01
1.152968853712081909e-01
1.250913888216018677e-01
1.346104592084884644e-01
1.472726762294769287e-01
1.576775461435317993e-01
1.715366542339324951e-01
1.821288019418716431e-01
1.852925866842269897e-01
1.869768798351287842e-01
1.836565136909484863e-01
1.739767789840698242e-01
1.627514809370040894e-01
1.465201079845428467e-01
1.246358081698417664e-01
1.074828505516052246e-01
9.003107994794845581e-02
7.186168432235717773e-02
5.658394470810890198e-02
4.316490143537521362e-02
2.778944745659828186e-02
1.130856946110725403e-02
-4.150963854044675827e-03
-1.692822016775608063e-02
-2.334401756525039673e-02
-2.961659990251064301e-02
-3.435087949037551880e-02
-3.527347370982170105e-02
-3.529936447739601135e-02
-3.583069518208503723e-02
-3.857022151350975037e-02
-3.119435533881187439e-02
-3.048936277627944946e-02
-2.833008393645286560e-02
-2.631473168730735779e-02
-2.812429144978523254e-02
-2.455155178904533386e-02
-2.582355961203575134e-02
-2.332721650600433350e-02
-2.225754037499427795e-02
-2.294627577066421509e-02
-1.525915786623954773e-02
-1.216795668005943298e-02
-9.558986872434616089e-03
-6.563161034137010574e-03
-1.190003473311662674e-03
1.142094843089580536e-04
2.696010749787092209e-03
9.169746190309524536e-03
1.512299850583076477e-02
1.918061822652816772e-02
2.463629841804504395e-02
2.920999005436897278e-02
3.378988429903984070e-02
3.852962702512741089e-02
4.203036800026893616e-02
4.145178571343421936e-02
4.961008206009864807e-02
5.308401212096214294e-02
5.513749644160270691e-02
5.777401849627494812e-02
5.713366344571113586e-02
5.842347815632820129e-02
6.023313477635383606e-02
6.231213733553886414e-02
6.041054800152778625e-02
5.706034228205680847e-02
4.984647408127784729e-02
4.454450681805610657e-02
3.005591779947280884e-02
1.960058137774467468e-02
6.439102347940206528e-03
4.185881000012159348e-03
-5.542353261262178421e-03
-1.080454979091882706e-02
-1.195657998323440552e-02
-1.093038357794284821e-02
-9.609583765268325806e-03
-7.193204481154680252e-03
-4.085088614374399185e-03
-1.582237426191568375e-03
-5.088048055768013000e-05
2.578991930931806564e-03
5.550261121243238449e-03
1.024907454848289490e-02
1.521849818527698517e-02
1.707747951149940491e-02
2.289297431707382202e-02
2.848880365490913391e-02
3.354843333363533020e-02
3.779428824782371521e-02
4.605049639940261841e-02
5.102792382240295410e-02
5.825669690966606140e-02
6.618258357048034668e-02
7.400848716497421265e-02
8.298316597938537598e-02
8.986941725015640259e-02
9.845571964979171753e-02
1.090605035424232483e-01
1.184133365750312805e-01
1.284263283014297485e-01
1.391475051641464233e-01
1.444539576768875122e-01
1.505546569824218750e-01
1.529023200273513794e-01
1.453064382076263428e-01
1.386330425739288330e-01
1.341180503368377686e-01
1.232101842761039734e-01
1.198147758841514587e-01
1.041453182697296143e-01
9.372611343860626221e-02
8.135281503200531006e-02
6.851381063461303711e-02
5.183665826916694641e-02
3.350816294550895691e-02
2.719388902187347412e-02
2.300584502518177032e-02
9.635856375098228455e-03
8.016724139451980591e-03
-9.008655324578285217e-03
-2.781715709716081619e-03
-3.545495215803384781e-03
-9.194356389343738556e-04
1.509384717792272568e-03
4.631608258932828903e-03
7.067814003676176071e-03
1.040878146886825562e-02
1.494138315320014954e-02
1.780978776514530182e-02
2.145384624600410461e-02
2.697666361927986145e-02
3.143006935715675354e-02
3.651337325572967529e-02
4.146643355488777161e-02
4.537784308195114136e-02
5.262101814150810242e-02
5.734154954552650452e-02
6.688035279512405396e-02
7.246889919042587280e-02
8.070715516805648804e-02
8.861386030912399292e-02
9.579696506261825562e-02
1.052091568708419800e-01
1.161625310778617859e-01
1.253894418478012085e-01
1.337902396917343140e-01
1.446825861930847168e-01
1.556379348039627075e-01
1.673877239227294922e-01
1.791872978210449219e-01
1.824247539043426514e-01
1.705465316772460938e-01
1.734806299209594727e-01
1.661703586578369141e-01
1.458001285791397095e-01
1.368165314197540283e-01
1.217377409338951111e-01
1.088019609451293945e-01
1.007477119565010071e-01
9.046160429716110229e-02
8.285171538591384888e-02
7.024462521076202393e-02
5.679078027606010437e-02
4.472909495234489441e-02
3.206871822476387024e-02
1.894542388617992401e-02
7.656792644411325455e-03
-1.023580320179462433e-03
-8.155154995620250702e-03
-8.307633921504020691e-03
-8.154945448040962219e-03
-9.126534685492515564e-03
-6.242437753826379776e-03
-4.040163476020097733e-03
-8.340240456163883209e-04
5.784649401903152466e-04
2.297017257660627365e-03
6.778660695999860764e-03
8.342007175087928772e-03
1.328225806355476379e-02
1.713037118315696716e-02
2.054013684391975403e-02
2.502089366316795349e-02
2.955329790711402893e-02
3.411213681101799011e-02
3.844262287020683289e-02
4.475594684481620789e-02
4.865807294845581055e-02
5.495595559477806091e-02
6.061972305178642273e-02
6.678384542465209961e-02
7.352259755134582520e-02
8.043869584798812866e-02
8.867849409580230713e-02
9.640177339315414429e-02
1.057257950305938721e-01
1.131155267357826233e-01
1.155305132269859314e-01
1.204900369048118591e-01
1.209900602698326111e-01
1.238691732287406921e-01
1.227234080433845520e-01
1.232483908534049988e-01
1.242862567305564880e-01
1.198969408869743347e-01
1.129873767495155334e-01
1.018881723284721375e-01
8.875886350870132446e-02
7.334144413471221924e-02
6.115397438406944275e-02
4.888109490275382996e-02
3.953389450907707214e-02
3.002507239580154419e-02
2.154181338846683502e-02
1.052227243781089783e-02
5.543260369449853897e-03
2.413104753941297531e-03
3.906077239662408829e-03
5.013621877878904343e-03
6.955831777304410934e-03
8.436523377895355225e-03
8.932014927268028259e-03
1.161608286201953888e-02
1.364079117774963379e-02
1.572911441326141357e-02
1.781151071190834045e-02
2.195964939892292023e-02
2.478687651455402374e-02
2.767552807927131653e-02
3.273447975516319275e-02
3.680486604571342468e-02
4.039372131228446960e-02
4.383650794625282288e-02
4.851901158690452576e-02
5.330315604805946350e-02
5.840511247515678406e-02
6.427795439958572388e-02
7.157866656780242920e-02
7.721253484487533569e-02
8.433032780885696411e-02
9.049964696168899536e-02
9.661833196878433228e-02
1.048489585518836975e-01
1.116179972887039185e-01
1.207976564764976501e-01
1.238423511385917664e-01
1.272957026958465576e-01
1.290781795978546143e-01
1.258195638656616211e-01
1.150453016161918640e-01
1.031052768230438232e-01
8.852791041135787964e-02
7.127323746681213379e-02
6.059875711798667908e-02
5.241698399186134338e-02
4.314249381422996521e-02
3.400335460901260376e-02
2.178688719868659973e-02
2.243789844214916229e-02
2.058158069849014282e-02
1.584262400865554810e-02
2.002773340791463852e-03
2.380472142249345779e-03
-1.794872339814901352e-03
-3.012586850672960281e-03
-1.462137792259454727e-03
8.709123358130455017e-05
-1.287268009036779404e-03
1.345910597592592239e-03
3.751309122890233994e-03
6.028778385370969772e-03
8.825926110148429871e-03
1.360896602272987366e-02
1.565542072057723999e-02
1.819355599582195282e-02
2.110921405255794525e-02
2.487931400537490845e-02
2.855173125863075256e-02
3.179855644702911377e-02
3.636998310685157776e-02
4.171188920736312866e-02
4.598247259855270386e-02
5.193164199590682983e-02
5.855094268918037415e-02
6.562233716249465942e-02
7.200079411268234253e-02
7.926420122385025024e-02
8.842042833566665649e-02
9.765721112489700317e-02
1.055780574679374695e-01
1.145570501685142517e-01
1.243925616145133972e-01
1.310758888721466064e-01
1.412610560655593872e-01
1.490611732006072998e-01
1.467090845108032227e-01
1.379451751708984375e-01
1.284244358539581299e-01
1.153296902775764465e-01
1.023101285099983215e-01
9.084520488977432251e-02
7.510437071323394775e-02
6.508486717939376831e-02
5.891539528965950012e-02
5.383920297026634216e-02
4.500593245029449463e-02
4.023319855332374573e-02
3.130212426185607910e-02
2.321973070502281189e-02
1.182953827083110809e-02
-1.991586759686470032e-05
-5.732123274356126785e-03
-1.240244321525096893e-02
-1.298552099615335464e-02
-1.124322507530450821e-02
-1.014922186732292175e-02
-8.546060882508754730e-03
-7.618861272931098938e-03
-7.538313046097755432e-03
-5.732123274356126785e-03
-6.591834127902984619e-03
-4.833937156945466995e-03
-2.981815952807664871e-03
-1.569401938468217850e-03
-5.341926589608192444e-05
8.139773271977901459e-04
6.098407320678234100e-04
5.031186155974864960e-04
4.869908560067415237e-03
6.779530551284551620e-03
8.003899827599525452e-03
1.088277623057365417e-02
1.501304097473621368e-02
1.742092147469520569e-02
2.214008755981922150e-02
2.490770258009433746e-02
2.879816666245460510e-02
3.179309144616127014e-02
3.629671409726142883e-02
4.152227938175201416e-02
4.517898708581924438e-02
4.454154521226882935e-02
3.728544339537620544e-02
1.771889626979827881e-02
1.416795328259468079e-02
-3.498837817460298538e-03
-2.114600501954555511e-02
-3.298434242606163025e-02
-4.120991006493568420e-02
-4.792233183979988098e-02
-5.000596866011619568e-02
-4.973793029785156250e-02
-4.657245799899101257e-02
-4.220833256840705872e-02
-3.750020265579223633e-02
-3.107711300253868103e-02
-2.431410737335681915e-02
-1.788443699479103088e-02
-1.127271354198455811e-02
-7.614769972860813141e-03
-5.732123274356126785e-03
-1.287417486310005188e-03
8.492921479046344757e-04
3.565865103155374527e-03
4.631865303963422775e-03
7.854072377085685730e-03
1.044916547834873199e-02
1.202748715877532959e-02
1.565343886613845825e-02
1.783439889550209045e-02
2.138725295662879944e-02
2.424333989620208740e-02
2.713779732584953308e-02
3.109125792980194092e-02
3.237360343337059021e-02
3.775801509618759155e-02
3.918267041444778442e-02
4.362687095999717712e-02
4.926212504506111145e-02
5.378446355462074280e-02
5.857959017157554626e-02
6.274751573801040649e-02
6.690791994333267212e-02
7.355573028326034546e-02
8.116968721151351929e-02
8.745846897363662720e-02
9.424524754285812378e-02
1.026426479220390320e-01
1.051310673356056213e-01
1.109455004334449768e-01
1.096106395125389099e-01
1.041652485728263855e-01
9.616483747959136963e-02
8.803326636552810669e-02
7.671526819467544556e-02
6.974984705448150635e-02
6.679042428731918335e-02
6.011782959103584290e-02
5.338334292173385620e-02
4.491874203085899353e-02
3.872745111584663391e-02
3.789832070469856262e-02
3.674096986651420593e-02
3.569916635751724243e-02
2.552626654505729675e-02
1.442483998835086823e-02
3.210735972970724106e-03
-3.432166296988725662e-03
-7.473310921341180801e-03
-1.013186760246753693e-02
-1.225757226347923279e-02
-7.347044069319963455e-03
-4.223948810249567032e-03
-1.230814959853887558e-03
4.420769400894641876e-04
2.513394225388765335e-03
5.350784864276647568e-03
1.115774735808372498e-02
1.352251321077346802e-02
1.769507676362991333e-02
2.138997614383697510e-02
2.478473819792270660e-02
2.960558608174324036e-02
3.264430537819862366e-02
3.739683330059051514e-02
4.244418069720268250e-02
4.652586206793785095e-02
5.163668841123580933e-02
5.585790798068046570e-02
6.290101259946823120e-02
6.846993416547775269e-02
7.546304911375045776e-02
8.185491710901260376e-02
8.975984156131744385e-02
9.707782417535781860e-02
1.054342240095138550e-01
1.120333075523376465e-01
1.199659332633018494e-01
1.270880550146102905e-01
1.321579962968826294e-01
1.364771723747253418e-01
1.405506730079650879e-01
1.409049332141876221e-01
1.409629881381988525e-01
1.321879923343658447e-01
1.283249855041503906e-01
1.174659952521324158e-01
9.202885627746582031e-02
8.012354373931884766e-02
6.433681398630142212e-02
5.538569763302803040e-02
4.646626487374305725e-02
3.555525839328765869e-02
2.437452971935272217e-02
1.489211991429328918e-02
6.951706949621438980e-03
2.610378433018922806e-03
1.169010531157255173e-03
2.397139091044664383e-03
4.072452429682016373e-03
5.490643437951803207e-03
6.678578909486532211e-03
8.088633418083190918e-03
1.343815959990024567e-02
1.751459389925003052e-02
2.073113806545734406e-02
2.436199039220809937e-02
2.821252867579460144e-02
3.177455067634582520e-02
3.640516847372055054e-02
4.153344780206680298e-02
4.727534577250480652e-02
5.357248336076736450e-02
5.849427357316017151e-02
6.492457538843154907e-02
7.082831114530563354e-02
7.889577001333236694e-02
8.868045359849929810e-02
9.653082489967346191e-02
1.056514680385589600e-01
1.137944683432579041e-01
1.244850233197212219e-01
1.353053301572799683e-01
1.473421305418014526e-01
1.561767458915710449e-01
1.650521606206893921e-01
1.640046685934066772e-01
1.586458384990692139e-01
1.478726118803024292e-01
1.389119625091552734e-01
1.251573860645294189e-01
1.123329102993011475e-01
9.938803315162658691e-02
8.382909744977951050e-02
7.580095529556274414e-02
6.940898299217224121e-02
6.191375479102134705e-02
5.340168997645378113e-02
4.460777714848518372e-02
3.506707027554512024e-02
2.607205882668495178e-02
1.610107161104679108e-02
6.275161635130643845e-03
-1.122449990361928940e-03
-4.931632429361343384e-03
-7.376184221357107162e-03
-5.874671507626771927e-03
-4.757009912282228470e-03
-2.609823364764451981e-03
-1.270160544663667679e-03
1.510064583271741867e-03
2.462576609104871750e-03
5.286752711981534958e-03
7.220081519335508347e-03
1.075449213385581970e-02
1.404546760022640228e-02
1.780338585376739502e-02
2.115980535745620728e-02
2.574814110994338989e-02
2.760643139481544495e-02
3.293211013078689575e-02
3.675085678696632385e-02
4.127840697765350342e-02
4.682842269539833069e-02
5.275961756706237793e-02
5.827681347727775574e-02
6.437236815690994263e-02
6.965477019548416138e-02
7.807112485170364380e-02
8.609382808208465576e-02
9.461664408445358276e-02
1.037023589015007019e-01
1.108979359269142151e-01
1.110465303063392639e-01
1.125404462218284607e-01
1.105283647775650024e-01
1.022774130105972290e-01
9.395318478345870972e-02
8.276316523551940918e-02
6.962612271308898926e-02
5.677812173962593079e-02
4.975518211722373962e-02
4.342223703861236572e-02
4.003088176250457764e-02
3.717176988720893860e-02
3.683350607752799988e-02
3.532132133841514587e-02
3.172074630856513977e-02
2.313333563506603241e-02
1.342110708355903625e-02
3.929180558770895004e-03
-2.812559250742197037e-03
-8.460052311420440674e-03
-9.755320847034454346e-03
-8.974099531769752502e-03
-7.925346493721008301e-03
-7.439831737428903580e-03
-5.488630849868059158e-03
-4.525335971266031265e-03
-1.367507968097925186e-03
3.098617773503065109e-03
6.629373412579298019e-03
1.117328554391860962e-02
1.382220536470413208e-02
1.693996042013168335e-02
2.153867483139038086e-02
2.658306807279586792e-02
2.811947837471961975e-02
3.468361124396324158e-02
3.875073790550231934e-02
4.598854854702949524e-02
5.047724768519401550e-02
5.883620306849479675e-02
6.597195565700531006e-02
7.181084156036376953e-02
8.011915534734725952e-02
9.036468714475631714e-02
9.927739948034286499e-02
1.094716116786003113e-01
1.197561100125312805e-01
1.280970275402069092e-01
1.381181180477142334e-01
1.459029763936996460e-01
1.507277935743331909e-01
1.556549668312072754e-01
1.611143052577972412e-01
1.592903882265090942e-01
1.601755470037460327e-01
1.576747298240661621e-01
1.477803140878677368e-01
1.283941864967346191e-01
1.079954355955123901e-01
9.177542477846145630e-02
7.752191275358200073e-02
6.297040730714797974e-02
4.688848927617073059e-02
3.406076133251190186e-02
2.338084578514099121e-02
1.240223087370395660e-02
6.805326323956251144e-03
-2.782144583761692047e-04
-3.055459354072809219e-03
-5.313616711646318436e-03
1.940732356160879135e-03
3.823398146778345108e-03
1.102237775921821594e-02
1.407808251678943634e-02
1.783370599150657654e-02
2.350481040775775909e-02
2.902009338140487671e-02
3.168168291449546814e-02
3.683709725737571716e-02
3.957729414105415344e-02
4.483857378363609314e-02
4.916403442621231079e-02
5.460720136761665344e-02
5.893422290682792664e-02
6.577254831790924072e-02
7.165323942899703979e-02
7.935010641813278198e-02
8.489424735307693481e-02
9.325111657381057739e-02
9.918684512376785278e-02
1.065636053681373596e-01
1.148069128394126892e-01
1.232335492968559265e-01
1.314729750156402588e-01
1.393540650606155396e-01
1.483459025621414185e-01
1.527423262596130371e-01
1.539174020290374756e-01
1.495319455862045288e-01
1.453417390584945679e-01
1.425808370113372803e-01
1.329016983509063721e-01
1.256837546825408936e-01
1.163679733872413635e-01
1.147346124053001404e-01
1.026349738240242004e-01
9.691151231527328491e-02
9.153554588556289673e-02
7.928811013698577881e-02
6.606204062700271606e-02
4.610705003142356873e-02
3.132700175046920776e-02
1.796804741024971008e-02
1.169651001691818237e-02
1.287260651588439941e-02
1.052084565162658691e-02
1.128850877285003662e-02
1.241763681173324585e-02
1.628700830042362213e-02
1.840978115797042847e-02
2.241439744830131531e-02
2.589275687932968140e-02
2.848192304372787476e-02
3.096624463796615601e-02
3.432478383183479309e-02
3.857444971799850464e-02
4.445842653512954712e-02
4.723789915442466736e-02
5.124305561184883118e-02
5.576781556010246277e-02
5.898085609078407288e-02
6.456893682479858398e-02
6.967513263225555420e-02
7.597728073596954346e-02
8.284292370080947876e-02
9.143514186143875122e-02
9.964936226606369019e-02
1.060609146952629089e-01
1.140442565083503723e-01
1.224844679236412048e-01
1.313621997833251953e-01
1.413321197032928467e-01
1.491698026657104492e-01
1.569685190916061401e-01
1.624032557010650635e-01
1.475563794374465942e-01
1.536564379930496216e-01
1.464633494615554810e-01
1.368595659732818604e-01
1.207829341292381287e-01
1.173272058367729187e-01
1.111072972416877747e-01
1.012237742543220520e-01
9.225044399499893188e-02
8.511067926883697510e-02
7.828189432621002197e-02
7.189766317605972290e-02
6.594521552324295044e-02
6.117949262261390686e-02
4.032670333981513977e-02
2.816456928849220276e-02
1.560918241739273071e-02
5.818724166601896286e-03
-1.685601193457841873e-03
-2.427909057587385178e-03
-1.963947433978319168e-03
-1.025043893605470657e-03
1.645490061491727829e-03
4.054804798215627670e-03
3.357540350407361984e-03
6.828031968325376511e-03
1.044892892241477966e-02
1.489621773362159729e-02
1.726338639855384827e-02
1.956140063703060150e-02
2.172916382551193237e-02
2.428285032510757446e-02
2.667380869388580322e-02
3.085438534617424011e-02
3.351194784045219421e-02
3.907653316855430603e-02
3.802584484219551086e-02
3.914608433842658997e-02
4.015914723277091980e-02
5.311902984976768494e-02
5.921123549342155457e-02
5.737550184130668640e-02
6.681590527296066284e-02
7.282105833292007446e-02
7.461435347795486450e-02
8.634760975837707520e-02
9.420279413461685181e-02
9.616466611623764038e-02
9.813207387924194336e-02
9.669172763824462891e-02
9.696675837039947510e-02
9.289633482694625854e-02
9.040135890245437622e-02
8.664707094430923462e-02
8.590240031480789185e-02
7.809854298830032349e-02
6.741075217723846436e-02
5.729969963431358337e-02
4.485236108303070068e-02
3.258791193366050720e-02
1.892447844147682190e-02
1.230467297136783600e-02
1.391250174492597580e-03
-6.533894222229719162e-03
-1.132868230342864990e-02
-1.742051169276237488e-02
-1.956292986869812012e-02
-2.177234739065170288e-02
-2.265705168247222900e-02
-2.076452597975730896e-02
-2.084523625671863556e-02
-2.022422663867473602e-02
-2.044007368385791779e-02
-2.035973407328128815e-02
-1.817835867404937744e-02
-1.498930528759956360e-02
-1.481142826378345490e-02
-1.081676408648490906e-02
-9.715029969811439514e-03
-9.072855114936828613e-03
-4.704335238784551620e-03
-5.864277947694063187e-03
-3.138314466923475266e-03
-1.911464612931013107e-03
2.018987666815519333e-03
4.785636905580759048e-03
9.099330753087997437e-03
1.316276937723159790e-02
1.486689783632755280e-02
1.691208407282829285e-02
2.427764981985092163e-02
2.743058279156684875e-02
3.090536966919898987e-02
3.490694239735603333e-02
3.924736008048057556e-02
4.294912517070770264e-02
4.629776254296302795e-02
4.213387146592140198e-02
4.758648574352264404e-02
5.192826315760612488e-02
4.650705307722091675e-02
4.991398006677627563e-02
5.306566506624221802e-02
4.590993002057075500e-02
4.849249124526977539e-02
4.883483424782752991e-02
4.971408098936080933e-02
4.927501454949378967e-02
3.495290130376815796e-02
2.735026553273200989e-02
1.255192980170249939e-02
4.755779635161161423e-03
1.914260908961296082e-03
-6.629941053688526154e-04
1.663477625697851181e-03
2.726610284298658371e-03
2.659110818058252335e-03
6.604583468288183212e-03
7.604122627526521683e-03
1.275023445487022400e-02
1.585835590958595276e-02
2.058692090213298798e-02
2.192376181483268738e-02
2.395116537809371948e-02
2.769504114985466003e-02
3.219732269644737244e-02
3.339525684714317322e-02
3.750559315085411072e-02
4.124665260314941406e-02
4.545399919152259827e-02
5.064060166478157043e-02
5.137542262673377991e-02
5.722263827919960022e-02
6.501860916614532471e-02
7.066132873296737671e-02
7.377841323614120483e-02
8.152694255113601685e-02
8.801914751529693604e-02
9.472847729921340942e-02
1.022808030247688293e-01
1.090629920363426208e-01
1.162681058049201965e-01
1.213508918881416321e-01
1.251312494277954102e-01
1.253242194652557373e-01
1.232148185372352600e-01
1.177969351410865784e-01
1.101770326495170593e-01
1.021458283066749573e-01
9.324651211500167847e-02
8.663746714591979980e-02
7.619584351778030396e-02
6.914442032575607300e-02
6.312582641839981079e-02
5.609518662095069885e-02
4.623749479651451111e-02
3.224255889654159546e-02
1.961723901331424713e-02
7.727182935923337936e-03
-4.322674591094255447e-03
-9.833008050918579102e-03
-1.538373343646526337e-02
-1.806442812085151672e-02
-1.920105144381523132e-02
-1.950260251760482788e-02
-1.899823918938636780e-02
-1.823672652244567871e-02
-1.342315971851348877e-02
-1.272896118462085724e-02
-1.219948939979076385e-02
-1.034956052899360657e-02
-9.125309064984321594e-03
-5.480108782649040222e-03
-5.282180849462747574e-03
-2.976458985358476639e-03
-1.552459318190813065e-03
