3.498520129674869555e-03,5.142644737402235933e+02,1.176894549422947378e+01,7.712636028674428701e+01
3.497901691356364393e-03,4.870490854854573399e+02,1.032661865550823777e+01,8.413651933112423364e+01
3.497312439536462165e-03,4.910597348001635964e+02,9.971984324067936001e+00,8.454797706515805089e+01
3.496726162277118740e-03,5.045342363080951600e+02,9.986965489429559639e+00,8.864511354925720354e+01
3.496135519863140424e-03,4.957646874815012552e+02,1.001415679524208358e+01,8.011919825748191215e+01
3.495551479490764755e-03,4.973352588284433295e+02,9.987570569985940949e+00,8.660677512376101106e+01
3.494953586396348875e-03,4.836500509312013492e+02,9.972614323574804374e+00,8.394040429087839073e+01
3.494377971963214240e-03,5.118485175932182187e+02,9.981566578335744566e+00,8.253104921783408088e+01
3.493791428062869436e-03,4.809586702515272236e+02,1.001044445244458991e+01,8.299753401858369273e+01
3.493190432405876480e-03,5.055743014473025596e+02,9.999681342690109886e+00,8.394469454535573050e+01
3.492606492818371711e-03,4.887305387377487591e+02,9.997234040849987124e+00,8.371842034134567712e+01
3.492015594663755527e-03,5.249404762265497766e+02,9.989777500625757867e+00,8.850744785766825373e+01
3.491437943793702925e-03,4.979048539510162641e+02,9.989820247661061359e+00,8.656438816408613945e+01
3.490855745892446071e-03,5.111436267466901882e+02,1.002903622885937374e+01,8.327981636223528028e+01
3.490265116245758886e-03,5.069883310393455531e+02,9.989834735379357511e+00,8.395126803983229991e+01
3.492041079964032339e-03,5.155646457277302943e+02,1.002128750374868460e+01,8.283924111030449922e+01
3.494948585502367835e-03,4.790843103699865537e+02,1.000672498995279547e+01,8.167371168974790407e+01
3.503377094752187660e-03,5.144567078023412705e+02,1.002622510182800042e+01,8.556077017800892293e+01
3.508471644511241237e-03,4.940901723530477057e+02,1.016870175992962189e+01,8.373749598168053865e+01
3.519858952459099712e-03,5.205721490433006693e+02,1.008831728135280770e+01,8.639730476028960027e+01
3.546311197352931648e-03,4.932216015816958361e+02,9.997475587712552070e+00,8.557093247410809056e+01
3.582765665951419785e-03,4.970897683579031536e+02,1.028135430403795603e+01,8.387363304879231407e+01
3.624495933397984052e-03,5.064778057022469397e+02,1.054841677306058401e+01,8.515239875042250617e+01
3.655169400401523348e-03,4.987082197505033605e+02,1.051687202245961572e+01,8.356321927000455219e+01
3.697207066106848392e-03,5.200616753803238907e+02,1.081519523172284991e+01,8.483970219003086299e+01
3.779407367468370655e-03,5.193065310994331867e+02,1.232227828183644114e+01,7.531951283567330790e+01
3.850244762196457921e-03,4.981894791716538862e+02,1.287703872563787222e+01,7.431107001383485056e+01
3.913702334405150078e-03,5.787360680504116317e+02,1.307229959847976097e+01,7.965548053533737516e+01
3.964510456430980767e-03,5.739287706849003143e+02,1.289267564728894833e+01,8.203276302796462005e+01
4.013477960173044042e-03,5.507203280948956490e+02,1.266496118404212190e+01,7.935843083161773848e+01
4.093424396336499231e-03,5.915318628936197456e+02,1.325550277731613313e+01,8.098074004488586297e+01
4.115653880053232044e-03,5.502492271498360878e+02,1.234474373055518726e+01,8.606952904664289861e+01
4.123809005391891776e-03,5.366766388442061952e+02,1.152249004411040367e+01,8.792864328091229709e+01
4.123058037434302811e-03,5.265712550272877479e+02,1.049495568080568475e+01,9.120162537615098586e+01
4.122335255317593865e-03,5.142313560223888089e+02,9.984982863609500825e+00,8.557311019136427888e+01
4.121633634821798842e-03,4.983011033547323336e+02,9.988063841801789522e+00,8.574880820456324670e+01
4.120944596019011572e-03,5.024164948616614765e+02,1.000716928241726755e+01,8.640042483044263122e+01
4.120234373240345277e-03,5.221810996054506404e+02,9.991500657172704081e+00,8.674109163916223508e+01
4.119555039227749092e-03,5.130941593859540717e+02,9.993284562503705004e+00,8.847087213513475490e+01
4.118851594803261094e-03,4.919370272728183409e+02,9.989237761047263575e+00,8.210388181535219587e+01
4.118154465436942198e-03,5.135706304120747063e+02,1.001716794785588682e+01,8.294889662262403363e+01
4.117470093181009594e-03,5.175447595276486936e+02,9.982114363406370927e+00,8.441070685826842634e+01
4.116767266314540208e-03,5.063991910489213524e+02,9.998616846894851307e+00,8.441524487527658493e+01
4.116073400703995633e-03,5.393936102713289529e+02,9.993920760406110659e+00,8.933466935145179377e+01
4.115391129121412708e-03,5.057138786267057071e+02,1.001935150308864131e+01,8.416191120588449337e+01
4.114683488110021208e-03,5.228283271653997417e+02,9.992766263728368514e+00,8.432917522637883678e+01
4.113991629383673652e-03,5.072137548166353440e+02,9.995622849021131628e+00,8.682829396329890415e+01
4.113313670320676955e-03,5.272016385098027058e+02,1.001817951864011569e+01,8.448595519181627367e+01
4.112603371751409435e-03,4.905299562401342541e+02,1.003106875986652646e+01,8.106104032647813540e+01
4.111917613777572693e-03,5.181518391860671500e+02,1.001181973841340600e+01,8.585782105190941138e+01
4.111239972289316806e-03,5.270705991717428560e+02,1.002175280090298770e+01,8.570598881326300500e+01
4.110557762191579742e-03,5.099881147754593940e+02,9.988627066708909652e+00,8.408529672698691115e+01
4.109860855102927604e-03,5.328218113130251368e+02,9.994255455417905054e+00,8.570175474769999369e+01
4.109178320380255968e-03,5.187600845102334688e+02,1.000856429532998249e+01,8.660575611476110680e+01
4.108499387883874157e-03,5.240797168629092084e+02,9.981601395722490722e+00,8.641245014455770956e+01
4.107821867563716395e-03,5.370918369716300731e+02,1.002446668346986236e+01,8.608496777406539024e+01
4.107137963877080869e-03,5.124833450734089411e+02,1.002212883359966789e+01,8.345089151436113184e+01
4.106456427397581384e-03,5.320317092845289153e+02,1.008136425640781475e+01,8.837799498985977209e+01
4.105759032673256953e-03,5.205116791669495342e+02,9.993346921329285593e+00,8.598174807112552287e+01
4.105075570824364903e-03,5.139331054278995907e+02,9.970735219602882893e+00,8.166331370948086033e+01
4.104397438213955654e-03,5.514949427363995937e+02,1.000855890402301007e+01,8.446904381260915784e+01
4.103686821497008926e-03,5.419438713734089106e+02,1.012019888149943014e+01,8.510115549221457343e+01
4.105544719771147232e-03,5.301671482090182508e+02,1.002409073495340408e+01,8.762094312765302107e+01
4.110963592951426271e-03,5.335288473599222243e+02,9.985226212767658538e+00,8.606169214329078443e+01
4.117979705538424469e-03,5.425320387201013546e+02,9.977767734175184700e+00,8.274308465612317320e+01
4.136723160834030258e-03,5.720531607704526778e+02,9.974893564676920121e+00,8.826720670193957119e+01
4.170633381983508171e-03,5.575771087861256774e+02,9.982199044037635360e+00,8.118142259894635515e+01
4.205334801133382532e-03,5.876167472491925992e+02,9.998702439875110315e+00,8.203012772143283371e+01
4.240023762210423132e-03,5.609180718085848412e+02,9.957007876268360036e+00,8.460629495223341223e+01
4.268610162425899926e-03,5.831626565679970327e+02,1.005644977952997898e+01,8.550607867779378068e+01
4.318279982961731496e-03,5.585949782647388702e+02,1.002691275387967984e+01,8.027401474046715180e+01
4.362955125020856473e-03,5.613353680801700420e+02,9.985855816110728256e+00,7.898394206383417782e+01
4.423743943198796789e-03,6.222784997748103706e+02,1.009816892048017856e+01,8.240432097701227576e+01
4.527817629335057978e-03,6.449742522135213676e+02,1.143572697350019851e+01,8.137233606643766848e+01
4.609359192802216405e-03,6.676212939166296110e+02,1.162649345182789773e+01,7.705897113097104523e+01
4.648206321553412582e-03,6.980942756418806994e+02,1.084713156228505504e+01,8.475050164805054465e+01
4.690867626366608360e-03,7.179862272393773992e+02,1.029345577980214976e+01,8.954002939805195638e+01
4.766803327130356670e-03,6.899988397371137125e+02,1.058672187124815878e+01,8.201202868178008032e+01
4.795936331575377173e-03,7.053385228879574242e+02,9.990758972462529641e+00,8.824740782759212721e+01
4.836733126386356420e-03,6.571636692694295334e+02,9.987683317543950778e+00,8.395319092667213567e+01
4.851694232072896636e-03,6.484257953857260190e+02,9.986202529697346009e+00,8.277848518063785832e+01
4.850861742946160904e-03,6.885013975688739265e+02,9.997496243751227141e+00,8.372704781109511885e+01
4.850049139943054047e-03,6.793336942212248459e+02,1.001550439017100302e+01,8.599344199631173069e+01
4.849227236206188514e-03,6.579979613511738989e+02,1.003139272960245698e+01,8.351851902356955293e+01
4.848416238939729471e-03,6.435039508154625310e+02,9.996418898511423734e+00,8.180155776956871705e+01
4.847618234670060013e-03,6.798893233110420624e+02,1.000144739944859573e+01,8.854918760349858076e+01
4.846781559141278943e-03,6.302957017580984029e+02,9.994016237981007578e+00,8.373112865275979289e+01
4.845955411662748041e-03,6.723953442257292181e+02,9.986297114143187770e+00,8.766350455020696586e+01
4.845124296797445260e-03,7.029290401867688161e+02,9.987861694823831016e+00,8.482509541229040906e+01
4.844292274057387937e-03,6.681074887927227337e+02,9.995210694924473671e+00,8.712332342957104458e+01
4.843491851745963805e-03,6.379375271099820566e+02,9.997029160402169268e+00,8.270855965033247514e+01
4.842677358114692507e-03,6.821184682049178036e+02,1.002035069245114407e+01,8.637181181932631091e+01
4.841861083628155871e-03,6.820135306505019344e+02,1.001730906251254716e+01,8.360890673180017529e+01
4.841058779646123349e-03,6.729943795889444118e+02,9.971542312597925672e+00,8.378315467717828824e+01
4.840238858307682919e-03,6.579798064445292312e+02,1.002458471165607357e+01,8.587002672058281405e+01
4.839417268530812541e-03,6.560338604332555406e+02,9.994134469010864663e+00,8.636667470863534390e+01
4.838597939794421141e-03,6.923187190658169357e+02,9.998792307071507679e+00,9.014654638924017149e+01
4.837765539805198751e-03,6.583259161981667376e+02,9.958501613699716870e+00,8.793267884509630505e+01
4.836933910848150234e-03,6.769559384270532973e+02,9.992118560214674261e+00,8.628785639778999439e+01
4.836130544415600391e-03,6.866023740272253235e+02,1.000154121867424273e+01,8.434750643942604142e+01
4.835316834617545308e-03,6.667272888610109476e+02,1.001393243416556622e+01,8.393733424485775174e+01
4.834508241238477493e-03,6.738102027536450578e+02,1.002135361281443515e+01,8.621552468221578636e+01
4.833679614592518818e-03,6.557336091399753286e+02,9.959248477176180003e+00,8.489322746630840300e+01
4.832884065235951154e-03,7.051942662281812773e+02,1.002713680794793838e+01,8.790958220176680982e+01
4.832066978061006629e-03,6.672708917975847953e+02,9.969669258808560031e+00,8.797253885276430196e+01
4.831241979141466698e-03,6.700071877257096276e+02,1.000312214200630301e+01,8.139684103659364212e+01
4.830443831436051320e-03,6.708625554282047005e+02,1.000786487489330412e+01,8.328823152023399246e+01
4.829611177035392569e-03,6.831215776823000851e+02,1.002445599758114803e+01,8.413335388742190446e+01
4.828807109742727990e-03,6.835701872785980413e+02,1.003466590214030951e+01,8.575457103396493608e+01
4.827991396848557715e-03,6.862655115426149450e+02,1.001802494879811789e+01,8.759109256649614395e+01
4.833275739411420704e-03,6.992623845369391802e+02,1.001850366899041767e+01,8.726103006753564273e+01
4.855695573793590916e-03,6.742100513332222818e+02,1.003656896314270774e+01,8.324245646824118694e+01
4.893648934103743582e-03,6.813310441340368016e+02,1.003128773058644008e+01,8.403824796216630943e+01
4.951215079459816461e-03,7.339766704779782458e+02,1.006840953354022972e+01,8.551023469730850479e+01
5.024537347429512170e-03,8.080587018520989204e+02,1.003521857612322243e+01,8.582545837675486666e+01
5.096571910684229677e-03,8.237070505278804831e+02,9.963252601826303234e+00,8.383398797071853892e+01
5.186261268782838170e-03,8.928486107155781610e+02,1.015760873578275714e+01,8.347258397690919196e+01
5.261120487818305054e-03,9.883985576514345439e+02,1.006495585940482762e+01,8.714107101321860682e+01
5.361305466055556364e-03,1.042724896850086679e+03,1.039645565098319402e+01,8.574986225280336782e+01
5.489016437171665395e-03,1.152060919411787836e+03,1.120466277989844528e+01,8.026430234663907015e+01
5.637275193324617351e-03,1.120710895176661779e+03,1.202685317306595714e+01,7.936899816699688870e+01
5.768910446799725179e-03,1.256119808166059101e+03,1.241952087003910776e+01,8.189109799568298342e+01
5.892252435070987650e-03,1.231988723191607733e+03,1.254807086986264864e+01,8.135566988012683964e+01
5.997604977990461314e-03,1.343050525494835483e+03,1.232935481624958918e+01,8.657753587890366020e+01
6.079024375162896988e-03,1.215271039973978532e+03,1.202193310257329983e+01,8.588364581617179283e+01
6.152164611344435041e-03,1.237421983790699869e+03,1.156416454146812356e+01,8.579443654103675954e+01
6.186251814255536510e-03,1.192614923080359404e+03,1.066715867825556430e+01,8.833348716999688577e+01
6.202362210086991533e-03,1.184209992354046108e+03,1.002733224545694135e+01,8.838837050468823975e+01
6.201304851426323907e-03,1.230699643524151725e+03,1.001975459670346957e+01,9.153458690442622014e+01
6.200252270472789845e-03,1.234742226084450294e+03,1.002446191908652295e+01,8.797892582666706573e+01
6.199215016649669598e-03,1.217694356294146473e+03,9.996715880548801891e+00,8.870191056146970254e+01
6.198190690946343666e-03,1.179493895320413230e+03,1.002659188188957984e+01,8.846791400021864149e+01
6.197132223894040622e-03,1.211425706394267991e+03,1.014310583492189721e+01,8.591158523535048630e+01
6.196055716635543234e-03,1.146572563168738952e+03,1.002065147999178940e+01,8.746869045294523914e+01
6.194990933045205379e-03,1.185380271670343291e+03,1.001733020688031495e+01,8.671011191000069118e+01
6.193943575119516612e-03,1.172333341313091069e+03,1.000531335292618706e+01,8.532309204179104256e+01
6.192919876233980193e-03,1.192145238146079464e+03,1.003106269861109467e+01,8.767686701884240108e+01
6.191897661221239246e-03,1.199034563619476330e+03,1.002147638808886576e+01,8.660964577901312111e+01
6.190874330953997570e-03,1.175088826447901056e+03,9.992912852050400474e+00,8.594753618017816166e+01
6.189833816239978005e-03,1.130026373642061799e+03,9.967968742849484087e+00,8.162615990858557780e+01
6.188783625096329517e-03,1.084369977866541149e+03,9.972881602783342458e+00,8.276453511105856364e+01
6.187734806873360950e-03,1.218498347372714079e+03,1.002171141067233862e+01,8.773343182658832973e+01
6.186676983244249368e-03,1.091907605780903168e+03,1.000356885144517172e+01,8.358993977807354270e+01
6.185653340853210398e-03,1.116193318695425887e+03,1.003603678895515827e+01,8.641264593133485050e+01
6.184617571931955680e-03,1.195215020733725623e+03,1.000349828632094429e+01,8.763880983024040461e+01
6.183550380181343335e-03,1.137234747080045054e+03,9.988974231407564019e+00,8.711547763650189324e+01
6.182504990615405802e-03,1.167674977451748873e+03,9.992955162924474166e+00,8.797823129481233195e+01
6.181470065917169833e-03,1.226892613442369111e+03,9.993325167784000485e+00,8.579931653787332380e+01
6.180451279068368241e-03,1.156895097671585745e+03,1.002191773008395437e+01,8.477775238490505672e+01
6.179432608908468245e-03,1.141240181644774793e+03,1.000791068131335670e+01,8.671004975841387363e+01
6.178368085452015310e-03,1.150133017155980269e+03,1.002405070535160547e+01,8.447306102400378336e+01
6.177345029022475280e-03,1.148341008352015479e+03,9.989229820918898994e+00,8.249190921852019187e+01
6.176304916768376140e-03,1.052842786394711084e+03,9.986999646911595363e+00,8.027865423950777313e+01
6.175281036162398075e-03,1.120593611971186647e+03,1.002095458028860975e+01,8.256546231436104222e+01
6.174228357051502435e-03,1.181397153707063808e+03,9.978066669031010250e+00,9.048153062558996851e+01
6.173165345781337146e-03,1.145132947984019438e+03,1.000325059214727830e+01,8.672463424551038713e+01
6.172097668002334524e-03,1.096260037486051488e+03,1.001434883537570109e+01,8.490908803959210616e+01
6.171063630837056273e-03,1.116860923277851271e+03,1.000822484413053282e+01,8.950195510769651719e+01
6.185752665136125088e-03,1.082826267784063930e+03,9.968330423989154809e+00,8.461126745270186689e+01
6.242087459289981377e-03,1.142855044064136109e+03,9.974841181190990724e+00,8.980955194459298241e+01
6.357579556121286529e-03,1.070814034694622251e+03,1.007972931546520634e+01,8.561459496527403701e+01
6.518384899864962390e-03,1.117143714130626222e+03,1.064364538878322364e+01,8.446419963807109355e+01
6.711359647532853800e-03,1.115898297547440961e+03,1.161545597836660626e+01,8.188902742750349262e+01
6.955954026338649447e-03,1.129896484749984666e+03,1.307020820395491256e+01,7.377409832168845583e+01
7.161514367698141800e-03,1.294256683988423674e+03,1.331009099858517963e+01,7.994599435791911901e+01
7.414172338894151580e-03,1.211609689950281791e+03,1.423207560547199257e+01,7.588593483523952443e+01
7.536324396706105960e-03,1.322419602053688322e+03,1.307755339614593204e+01,8.275705845451466303e+01
7.807422637682215685e-03,1.338933528531673346e+03,1.438898113676334845e+01,7.965082605658513160e+01
8.018401200336420717e-03,1.256601303377493878e+03,1.433676196982903406e+01,7.975052639050153402e+01
8.160586484155950629e-03,1.362514122342997780e+03,1.362976840649339039e+01,8.760635442534768913e+01
8.238321723275985817e-03,1.251779951041305139e+03,1.245374995372064930e+01,9.025493373120359308e+01
8.298379881647412887e-03,1.254771091822302878e+03,1.152142424267736587e+01,9.576272390147528313e+01
8.328176393576467926e-03,1.254045605403471654e+03,1.038162471932989916e+01,9.409742779982930472e+01
8.353808977700298219e-03,1.238556599379509407e+03,1.000663366818181643e+01,9.037096190228429293e+01
8.368327889017182844e-03,1.216668108956235528e+03,9.974869225877831980e+00,8.784652874220331853e+01
8.373254139859103579e-03,1.160735966864525835e+03,9.992664864723954210e+00,8.153219344952849212e+01
8.371835037277917946e-03,1.239921062229329664e+03,9.970567269640660868e+00,8.919773697541582180e+01
8.370415999709442806e-03,1.218706020568545910e+03,9.981210202825135269e+00,8.803325011700276548e+01
8.368992692181841803e-03,1.199206689396147794e+03,1.001281258858636747e+01,8.642610926500189805e+01
8.367576106226407712e-03,1.274114981202356375e+03,1.002729305143292216e+01,9.023113926336219492e+01
8.366166026227996738e-03,1.222472638683914056e+03,9.991494940413478076e+00,8.660023135679760742e+01
8.364765008972145643e-03,1.187769910221049940e+03,1.000470497139974313e+01,8.346391442173856490e+01
8.363350125217368022e-03,1.229343295626208374e+03,1.002855823147116432e+01,8.434244603075063651e+01
8.361965884798688159e-03,1.147336131218768969e+03,9.983206423320179823e+00,8.280479515061102802e+01
8.360566267371813756e-03,1.125647504937987605e+03,9.968433521856390200e+00,8.319846783046622818e+01
8.359134096614605908e-03,1.148022638655578021e+03,1.001748544828059551e+01,8.315390262578436875e+01
8.357718734955364021e-03,1.208999184593706559e+03,9.960896877640390557e+00,8.916441835672094385e+01
8.356339974581253327e-03,1.183440233606039101e+03,1.001445061102495870e+01,8.166854531571243569e+01
8.354899580193865874e-03,1.190599247437597342e+03,9.983661682814870986e+00,8.291496480025830351e+01
8.353474293663239181e-03,1.123620186194566941e+03,1.002722650132998794e+01,8.245497099350424719e+01
8.352075982889766576e-03,1.218056554751447720e+03,9.961098062416155585e+00,8.590584763664794821e+01
8.350636317387841526e-03,1.194977573177108752e+03,1.001892432841613889e+01,8.810094346488713768e+01
8.349219715531487965e-03,1.116372622666493953e+03,1.000234313337633729e+01,8.203311621779600671e+01
8.347810212951127865e-03,1.167715118391960232e+03,1.000667878301286962e+01,8.050896916756614985e+01
8.346398563572991758e-03,1.142906073716179208e+03,1.001882978470141694e+01,8.078974844383003528e+01
8.344964157786276954e-03,1.156711953553433887e+03,9.995466367447315648e+00,8.263152749677651343e+01
8.343527386666615281e-03,1.201297642055595134e+03,9.978259190758338448e+00,8.552370096721473658e+01
8.342105274074876342e-03,1.172802152010019654e+03,9.961685063967783194e+00,8.779415881287565071e+01
8.340682015752538467e-03,1.155205486966880471e+03,1.000508539304347799e+01,8.522411514441212432e+01
8.339282116878028034e-03,1.155185473034908682e+03,1.003561688059986423e+01,8.135993399194474307e+01
8.337849047004805905e-03,1.178013096799561026e+03,1.002753010563854907e+01,8.319645008055078961e+01
8.336408990040134956e-03,1.149281873813930815e+03,1.004343374596622418e+01,8.695698770739778638e+01
8.335015576672351670e-03,1.205787670287302717e+03,9.984340354227100534e+00,8.997239693686890405e+01
8.333591318440039530e-03,1.207219040467577088e+03,9.961755305331610799e+00,9.048849068867158962e+01
8.332189594916102754e-03,1.103872315543410423e+03,1.004364296971597525e+01,8.419769846142331460e+01
8.332057825582522836e-03,1.205100051120297621e+03,1.002560865787187616e+01,8.689890551763225801e+01
8.358359278759323885e-03,1.175887345146337793e+03,1.003567957152971779e+01,8.716507653379790099e+01
8.445979975943563103e-03,1.194662519375630382e+03,1.003911340424724230e+01,8.927068581442398454e+01
8.589007787830612445e-03,1.125705511164952441e+03,1.027415248731322173e+01,8.194019052744093301e+01
8.750286863375250981e-03,1.153858659072322553e+03,9.921466680525295345e+00,8.158245655283958797e+01
8.933531218265084589e-03,1.156035682079473190e+03,1.011061028738438772e+01,8.367549883209912309e+01
9.234968799154330901e-03,1.250299751237251257e+03,1.198696058155353050e+01,7.350491357012532490e+01
9.590870371450295473e-03,1.257298652779463509e+03,1.393914113104977126e+01,6.984132847019360213e+01
9.977885149903836445e-03,1.362966356571329470e+03,1.551676250032314464e+01,7.286142082408345289e+01
1.039433455637518364e-02,1.407860442968708185e+03,1.682404217552115711e+01,7.066329276322888120e+01
1.081959415024309756e-02,1.607332407308346546e+03,1.751198282204805778e+01,7.655374881088026484e+01
1.132691654213985669e-02,1.563414028611556887e+03,1.876971152056927394e+01,7.830125179274526204e+01
1.156091263217225856e-02,1.577163527593435674e+03,1.708758174848012956e+01,8.624269862408606002e+01
1.184368623134019263e-02,1.420311050287626585e+03,1.633191758493067169e+01,7.889348035211627064e+01
1.196769005082099803e-02,1.445828056664227688e+03,1.471382104145157754e+01,9.262081192244392014e+01
1.206159413001837814e-02,1.509854061727224234e+03,1.341357133035119986e+01,9.239960572748292122e+01
1.211569100093318543e-02,1.475391433025216202e+03,1.221893168195057022e+01,9.320796000805121651e+01
1.214617426697802566e-02,1.428735586859235127e+03,1.123275806740161364e+01,9.004876494560944877e+01
1.216682194409713508e-02,1.387663367011598439e+03,1.052738774862297433e+01,9.273417156566594599e+01
1.217118968850725708e-02,1.452191330634228734e+03,9.988967408015410498e+00,8.857653609989709764e+01
1.216918641447155627e-02,1.367982623949568961e+03,1.000797762242856059e+01,8.094487428459279954e+01
1.216715249159027422e-02,1.418675663392097704e+03,1.000441756281656680e+01,8.116562985523572138e+01
1.216506839259624308e-02,1.386070413578002672e+03,9.968769920174555210e+00,8.186294574078647202e+01
1.216297363158182557e-02,1.367180789179499243e+03,1.000042955091204533e+01,8.130727564166436139e+01
1.216095434629371579e-02,1.356581607795357058e+03,1.003390460748847524e+01,8.930056225862121266e+01
1.215894557308497617e-02,1.346297537425456994e+03,9.968286726155266564e+00,8.136457727374914839e+01
1.215688689503159267e-02,1.392556638366018888e+03,9.995441585873050983e+00,8.216211486889072546e+01
1.215481517523981855e-02,1.351743265277990304e+03,9.971433425908879045e+00,8.190931014012460309e+01
1.215275276695572219e-02,1.480517071634211561e+03,1.001897903206534401e+01,8.896183509819891810e+01
1.215067241130966813e-02,1.324957389000658395e+03,9.979473241451275456e+00,8.073368983384010278e+01
1.214867688317473361e-02,1.376963280569436165e+03,9.970715045344666905e+00,8.264963731906892974e+01
1.214657995378580317e-02,1.417898788038416114e+03,1.001225911897888743e+01,8.101448106257988968e+01
1.214456642884093399e-02,1.378923630819525897e+03,1.001836915762776670e+01,8.448105386811872108e+01
1.214253492800703924e-02,1.359014104956084338e+03,1.001154523194633228e+01,8.281873192386264293e+01
1.214051676457874630e-02,1.397376823313618388e+03,1.001963417217398344e+01,8.561402816071908717e+01
1.213845611956826040e-02,1.414638623005203272e+03,1.002686200175733511e+01,8.528306790016561933e+01
1.213643486959423146e-02,1.356073688356177627e+03,1.000783429423590576e+01,8.116239323873466560e+01
1.213435603743453009e-02,1.370751806341245128e+03,9.975928906830102250e+00,8.140761982929078044e+01
1.213228667139189428e-02,1.442939410053343181e+03,1.001615145034068277e+01,8.883438723846245466e+01
1.213027065247260054e-02,1.354006115186024772e+03,9.973747117115555838e+00,8.519585967486061406e+01
1.212824509850933888e-02,1.343880382358603356e+03,9.976750110493805224e+00,8.395025633844798563e+01
1.212615400173121076e-02,1.398638923882583185e+03,9.992516509857374274e+00,8.698015241224381100e+01
1.212410788567429981e-02,1.340096088299552093e+03,9.991825773446807446e+00,8.618666542425150112e+01
1.212211292005378749e-02,1.354303848388641200e+03,9.992218900626568256e+00,8.346005757552548232e+01
1.212004979159186230e-02,1.368244441748141980e+03,1.001173208672621051e+01,8.707417152303587216e+01
1.211800881748247016e-02,1.410030564486657568e+03,9.976034851284465432e+00,8.745869860396589957e+01
1.211598409507354604e-02,1.395908201895130105e+03,9.962308158566582250e+00,8.907904015650711926e+01
1.211390915097429119e-02,1.338743032211988748e+03,1.002975180627901608e+01,8.237637663497719132e+01
1.211189975502999228e-02,1.338107706383484583e+03,1.004022731948005109e+01,8.823501816979022294e+01
1.213131889843781230e-02,1.328859637654239577e+03,9.984616511458963117e+00,8.456530832495556638e+01
1.220735976071742751e-02,1.267392392304351915e+03,9.994582532610625236e+00,8.152761564038452491e+01
1.232244926468154672e-02,1.337870946601800597e+03,1.001751694408884674e+01,8.344323306083796865e+01
1.245868549364195429e-02,1.276542949296375809e+03,9.951492141571160133e+00,8.496247670291577947e+01
1.259651773913804569e-02,1.290873622594052904e+03,1.011846961657349731e+01,8.373623569567922686e+01
1.275147624240725516e-02,1.426594342845233314e+03,1.001276913685898329e+01,8.825905906648118560e+01
1.298632035613317415e-02,1.437222611315434051e+03,1.051333163058450104e+01,8.612346667963952029e+01
1.326126738472669687e-02,1.441738706710995984e+03,1.123978949645785619e+01,8.609095101274515116e+01
1.362132114365430940e-02,1.335490294666547243e+03,1.237309584753923275e+01,7.498222815656338014e+01
1.375969402416239371e-02,1.397520713342605632e+03,1.160052755754767517e+01,8.625575239217407386e+01
1.402399822315382807e-02,1.429619395519971704e+03,1.191106439413839624e+01,8.326505700404139532e+01
1.432644046150464284e-02,1.379498251974645427e+03,1.221908436145581156e+01,8.529492869006037381e+01
1.441274024185152693e-02,1.472144568508371322e+03,1.075011272466599799e+01,8.969402768549100813e+01
1.450865730065515995e-02,1.348511783471672061e+03,1.002492922068296366e+01,9.012750696090985514e+01
1.454750418141523977e-02,1.426307618220865152e+03,9.949128555070620550e+00,8.678610950440706517e+01
1.456190027261740870e-02,1.413512978265235915e+03,1.003943875328353919e+01,8.267998700393010836e+01
1.466050583787468706e-02,1.377006804998776033e+03,9.984836945220369131e+00,8.803077353465405963e+01
1.468693126238457443e-02,1.378140664573576259e+03,1.003369687717989756e+01,8.594111068225852534e+01
1.471539121249297415e-02,1.395795983084378122e+03,9.992146587004496538e+00,8.405198324043645641e+01
1.471294716687202020e-02,1.411591348670298885e+03,9.985303418053129931e+00,8.895669866679881466e+01
1.471041349026513435e-02,1.317676977459394948e+03,9.981106693995737800e+00,8.636171237613685037e+01
1.470787830613162067e-02,1.363406868787951225e+03,9.983305638846777796e+00,8.382934994496380909e+01
1.470543083162164505e-02,1.358415712039989103e+03,1.000186660321483778e+01,8.506607541697364638e+01
1.470293398147285921e-02,1.376843594130883275e+03,1.003512998393555833e+01,8.695008402910760026e+01
1.470046714094744300e-02,1.399485176695937753e+03,1.002204891352877780e+01,8.626285553042963272e+01
1.469802612524328568e-02,1.348728493166585395e+03,9.976258921054816042e+00,8.467723876310411413e+01
1.469561089606092122e-02,1.312122988567222137e+03,9.970001455301551019e+00,8.172107538605327193e+01
1.469310790265018762e-02,1.285423109025866324e+03,1.001465209601254891e+01,8.222841687354318196e+01
1.469065530346414482e-02,1.284190744549511464e+03,1.001388855508743525e+01,8.094966218624387011e+01
1.468820738441340562e-02,1.391848094567431644e+03,1.003264036291948003e+01,8.805327561426109639e+01
1.468567270164496986e-02,1.373088157891641004e+03,1.000744670991175056e+01,8.803717284788621100e+01
1.468313692092109053e-02,1.326152261175622471e+03,9.997088226767719021e+00,8.533646736880963601e+01
1.468066730573854874e-02,1.331865470775790982e+03,9.973087555426419115e+00,8.485223139563382233e+01
1.467814411496672425e-02,1.309613198219787364e+03,1.000265427197392576e+01,8.200718009608456782e+01
1.467572321438015415e-02,1.316492237486767181e+03,9.978853920722251303e+00,8.680054976999748817e+01
1.467329295524736135e-02,1.344123494943203923e+03,1.000866865031442998e+01,8.604526942707420289e+01
1.467083335168283507e-02,1.344053597579943244e+03,1.001154551734878062e+01,8.239505399979576339e+01
1.466832052342040629e-02,1.422550275139694804e+03,1.000579245648080473e+01,8.851252764459702860e+01
1.466582404968688920e-02,1.253739901133333888e+03,1.003678877132330705e+01,8.607333428794719055e+01
1.466336526300610413e-02,1.369904870807986754e+03,9.963121898270671295e+00,8.950881788053298749e+01
1.466086196036824052e-02,1.304822132187882289e+03,9.965954259736072629e+00,8.267693022983488049e+01
1.465841615147559125e-02,1.294661202993949018e+03,9.985727207860264798e+00,8.813064810375652769e+01
1.465589217787171238e-02,1.365365018806919807e+03,9.974989434674712996e+00,8.629870806038324815e+01
1.465342571110935660e-02,1.376135450673317337e+03,9.960265972783290067e+00,8.540492816560544043e+01
1.465092584671189892e-02,1.343560069652779930e+03,1.002865823604264506e+01,8.706365546490810914e+01
1.464851257101696530e-02,1.347566683731966123e+03,9.975781294655163833e+00,8.784058675769288982e+01
1.464598255095869543e-02,1.319593133926181508e+03,1.005064049178391450e+01,8.853802034583485181e+01
1.464535613114057930e-02,1.350227957959198648e+03,9.962827025151462124e+00,8.908113142327489697e+01
1.469963955672653685e-02,1.372412053489006439e+03,9.988866384827154832e+00,9.167942891530468330e+01
1.481282223964100649e-02,1.336921451114941647e+03,1.002514834283577372e+01,9.208424078901582277e+01
1.494450674616162704e-02,1.326018076551013110e+03,1.002274801414149152e+01,8.763319329823211490e+01
1.513110304367602625e-02,1.335837713714697884e+03,1.011607914358068072e+01,8.728742974809888722e+01
1.535847132126521263e-02,1.322669499896591333e+03,1.004932679597746237e+01,8.886640391225105873e+01
1.557244920700426999e-02,1.378227697540419740e+03,1.003728090160209341e+01,8.771857477300831363e+01
1.585931843898226098e-02,1.373524864905748473e+03,1.028020279359465405e+01,8.568637044970677152e+01
1.615534559282104030e-02,1.398846348003396997e+03,1.054039873196269639e+01,8.329711653896141854e+01
1.645612658103670981e-02,1.324592714974994578e+03,1.075685157621439458e+01,7.969457608015865446e+01
1.669328801341244187e-02,1.363783536611754926e+03,1.049477184773270011e+01,8.070722162525848375e+01
1.688308845864834942e-02,1.380048511376120814e+03,1.019043268886963105e+01,8.235895049200711071e+01
1.705408488608070941e-02,1.419103166842889095e+03,1.003374658829943122e+01,8.406531403651860046e+01
1.719506284610454808e-02,1.333730588485086628e+03,1.003154252811878777e+01,8.535795634987293568e+01
1.725079672017988675e-02,1.378067116629446900e+03,1.002544661063511278e+01,8.515484236607726132e+01
1.730988764301044300e-02,1.332104605548393010e+03,1.036055515702258312e+01,8.206407312980715574e+01
1.735617875967041673e-02,1.379425142655789614e+03,1.002236926122327354e+01,8.722643276669204226e+01
1.739452894254206461e-02,1.373340558240010068e+03,1.002506217530152810e+01,8.557762438828071083e+01
1.739959406316927970e-02,1.391996169513374298e+03,9.995361504180898748e+00,8.777031704028259185e+01
1.739669252816858705e-02,1.386820378090600570e+03,9.988966743840743234e+00,8.690974509086382227e+01
1.739380142009252367e-02,1.381085339063432230e+03,9.993397252199466507e+00,8.768355536117350368e+01
1.739086348195102369e-02,1.357093904141702296e+03,9.987505347458832006e+00,8.377126556628962817e+01
1.738787941263385262e-02,1.349348690283529550e+03,1.001457613249593415e+01,8.516375384761542477e+01
1.738489538398656220e-02,1.295852884019090880e+03,9.991050574489582559e+00,8.038060424862909770e+01
1.738200698427768212e-02,1.353242493580163000e+03,9.993050102048856687e+00,8.394431965144468677e+01
1.737906665574375994e-02,1.300642605033060136e+03,1.001862616236363657e+01,8.615848052949242231e+01
1.737618345357266544e-02,1.346254500357371853e+03,1.019121359469135157e+01,8.817784352147555182e+01
1.737330214286876562e-02,1.383930381532125921e+03,1.000605610839599535e+01,8.760607570714191183e+01
1.737033102857598807e-02,1.320810333010002523e+03,9.995581815498120193e+00,8.901166250590461004e+01
1.736743094481227670e-02,1.329346415979774747e+03,1.008145524305098029e+01,8.816208796541822323e+01
1.736451085060876018e-02,1.289468009520728401e+03,1.023424602538890937e+01,8.791420301799402637e+01
1.736162927732836855e-02,1.358667237483907456e+03,1.004183714563121654e+01,9.075202435252184330e+01
1.735868335098810292e-02,1.315279396217768635e+03,9.999549671401972262e+00,8.803554397346717053e+01
1.735565398227681758e-02,1.290939834992394708e+03,1.056697820858646963e+01,8.120326172221865590e+01
1.735245048594400569e-02,1.378531708490198298e+03,1.129484579025783830e+01,8.015937656724302940e+01
1.734920205879386668e-02,1.349261784863548201e+03,1.174595478546807747e+01,8.280809817010025142e+01
1.734591154756467621e-02,1.275730752421608940e+03,1.204467846454358515e+01,8.130535450400205377e+01
1.734249978659958488e-02,1.279408550985205011e+03,1.221353974268029496e+01,8.607240976796951770e+01
1.733907405090095305e-02,1.281744906757825220e+03,1.217797064363577419e+01,8.819778664047815653e+01
1.733566895422661638e-02,1.129840625808614504e+03,1.199938948163393349e+01,8.312841745113681213e+01
1.733240207055104093e-02,1.175182468375125609e+03,1.181019016832876467e+01,8.529219091882664827e+01
1.732907080649357182e-02,1.024016059118930798e+03,1.165076512255004104e+01,8.254445701200027941e+01
1.732586341090485219e-02,9.803759115243524320e+02,1.141510545394882570e+01,8.107340624735086010e+01
1.732265324433173576e-02,9.356052337252541520e+02,1.118736507113887946e+01,8.680091803857278876e+01
1.731947476487098736e-02,8.995618670108046899e+02,1.097556123029812269e+01,8.321065626272043403e+01
1.731628706279663213e-02,8.475482133580944719e+02,1.086037208412196620e+01,8.841429244666251464e+01
1.731326900193466342e-02,7.963032812488055470e+02,1.067802816210807038e+01,8.374924969538845687e+01
1.731029302341400081e-02,7.952376331646771632e+02,1.046082076347605394e+01,8.364262976836235453e+01
1.730735452115035600e-02,7.645992412838517112e+02,1.032436443022829486e+01,8.597711706744412652e+01
1.733697444058135764e-02,7.727669743906851636e+02,1.028720390178816402e+01,8.491568312580885447e+01
1.739496631446038610e-02,7.960801422805132006e+02,1.038645582680184098e+01,8.456039638059552033e+01
1.747137692793364339e-02,7.822474232266541776e+02,1.063984338205900038e+01,8.512971828947515007e+01
1.753526017396830200e-02,7.821535750458075427e+02,1.064669140446574680e+01,8.509321813902484166e+01
1.765426783780303654e-02,8.342884008342387006e+02,1.101527821487180070e+01,8.506417497591360188e+01
1.787002588100512074e-02,8.274040278513783733e+02,1.178747715354269587e+01,8.499577938138349964e+01
1.799430220148133183e-02,8.227573063035398491e+02,1.171304628452702090e+01,8.114339613605015700e+01
1.850153731697758153e-02,8.477449678842901903e+02,1.492484452178719678e+01,7.708124501390207683e+01
1.887623910144991743e-02,8.456476645792729414e+02,1.575228027636750738e+01,8.069231053022308231e+01
1.945247829858765334e-02,9.024811029886652705e+02,1.800243497918770785e+01,7.646449111597118531e+01
1.994300930072534159e-02,9.699885802778007928e+02,1.841320526914578792e+01,8.208869582832622314e+01
2.030500285306192573e-02,1.042562101042587756e+03,1.765109718239762415e+01,8.818306773110363395e+01
2.071773154704333042e-02,1.117613079138316607e+03,1.758225571228755513e+01,8.764873715019133726e+01
2.112518065555357011e-02,1.208478225423090407e+03,1.759750002886763554e+01,8.201558741873861891e+01
2.143776380549466953e-02,1.147014199649023112e+03,1.691354084482733811e+01,8.061955338944969185e+01
2.168228158348168080e-02,1.235940336079135250e+03,1.607896521081583785e+01,9.234763179514365561e+01
2.187308645323075146e-02,1.177556357344023809e+03,1.519403276844159301e+01,8.783041617738940943e+01
2.199225298597244638e-02,1.178183280881167093e+03,1.411010703570062574e+01,8.496424299355591359e+01
2.205573053532522074e-02,1.171474839475300769e+03,1.287967525840091199e+01,8.760120290844679403e+01
2.205384034554514622e-02,1.039361495154841123e+03,1.161926074410217424e+01,8.548349723898157038e+01
2.204984365694853676e-02,1.050459713157351416e+03,1.076205848345728633e+01,8.812900630353342990e+01
2.204610178280119737e-02,1.046936331334449733e+03,1.004484643850522829e+01,8.887801910466801303e+01
2.204245682579861199e-02,1.016396186444250020e+03,1.001407008725631975e+01,8.837786669688566121e+01
2.203876143166780613e-02,1.014589742531002571e+03,1.001146571152120934e+01,9.065194125215603549e+01
2.203501788792451566e-02,1.022265388323864840e+03,1.000856074625966308e+01,9.249047200183976258e+01
2.203135515012529314e-02,1.003052422434652840e+03,9.985056384137354968e+00,8.547970966943880455e+01
2.202772557145372609e-02,1.056562092366008301e+03,9.997025471980261813e+00,8.838912691217178974e+01
2.202395719385661851e-02,1.037155583465151949e+03,1.013382706757592899e+01,8.719299030626484637e+01
2.202028437495583135e-02,1.015757037142536660e+03,1.001302154883080320e+01,8.483960940049173871e+01
2.201661587889885627e-02,9.609856976358221345e+02,1.001489944166480228e+01,8.361734747253905198e+01
2.201282178462225791e-02,9.720392026827424843e+02,9.993598621031710039e+00,8.115878435918280331e+01
2.200914488069874442e-02,1.006293933688025049e+03,1.000343453667423255e+01,8.139965321288119071e+01
2.200544044529965937e-02,1.067163697285066064e+03,9.985494776018345675e+00,8.501733069242217766e+01
2.200176917306432764e-02,9.969024241569153446e+02,9.980703143267076527e+00,8.206260377208965906e+01
2.199802753565945068e-02,1.029937066009652654e+03,1.000636728159875766e+01,8.700958592129397573e+01
2.199430867945122159e-02,1.000104976963211698e+03,1.000144969125084060e+01,8.245101153417300566e+01
2.199067361594704562e-02,1.030604909191500838e+03,9.999991517481269909e+00,8.607076452019823876e+01
2.198701389870919704e-02,1.024968436533783006e+03,9.981053444869045776e+00,8.309234646189344176e+01
2.198334110670159547e-02,1.032011109080074220e+03,9.972977096171977252e+00,8.707887333392213236e+01
2.197964704501506258e-02,9.908477118139418280e+02,1.000020905254239878e+01,8.222553771275451595e+01
2.197596676090142476e-02,1.046676300237589203e+03,9.988727214404905297e+00,8.471498901979354912e+01
2.197229715036312647e-02,1.050549384858149324e+03,9.997370992151228819e+00,8.725891062469933956e+01
2.196866152928052610e-02,1.005426350181516796e+03,1.002719680900104393e+01,8.759356993183725137e+01
2.196503749980966563e-02,1.031880052767196275e+03,1.001482464995577892e+01,8.739492885130755440e+01
2.196133880080528705e-02,1.105364744779304147e+03,9.988237414856644847e+00,8.238518140842397486e+01
2.195769540996242442e-02,1.127375043299455001e+03,1.000258570894493992e+01,8.434130195514784134e+01
2.195407207278068581e-02,1.151721910474702099e+03,9.989443457590837738e+00,8.305291413035591574e+01
2.195528670337459562e-02,1.197719766815914682e+03,9.982455135870461405e+00,8.910606179210903122e+01
2.198973586697190036e-02,1.285849136713532516e+03,1.000211095005269613e+01,8.186950771587744669e+01
2.212200539494119100e-02,1.317290875278982867e+03,1.021015769740739998e+01,8.288156665153363178e+01
2.231567243614052468e-02,1.462240226811283719e+03,9.974899347346886103e+00,8.683275906431651947e+01
2.250954885270236086e-02,1.466793840619258845e+03,1.000773766965027178e+01,8.455444791970668916e+01
2.292312361504442175e-02,1.475123804660338237e+03,1.135154186276300869e+01,8.387621502511029803e+01
2.353546777801123618e-02,1.591368347563741509e+03,1.355664960091591986e+01,8.269306722146356492e+01
2.390928490817621765e-02,1.655187143929547801e+03,1.337474325218676618e+01,8.404717077606970577e+01
2.429468465559922116e-02,1.542628797163503350e+03,1.323671853495991968e+01,8.205382480044845295e+01
2.481357201166871362e-02,1.654574944480657223e+03,1.410018631849093396e+01,8.897660292899112733e+01
2.545168676844529812e-02,1.587823945939121586e+03,1.531465357721914167e+01,8.379487984826832303e+01
2.641700818748182744e-02,1.536334726837553944e+03,1.820450850441848090e+01,7.405508743058412335e+01
2.723400585980945143e-02,1.552723355289412211e+03,1.912445203891706669e+01,8.500144941193784121e+01
2.762443156018239490e-02,1.451524482571179988e+03,1.738349121782933793e+01,8.956917739395100853e+01
2.807810819244864128e-02,1.576609986833913126e+03,1.654034373182229345e+01,8.764752770427416806e+01
2.883719169546367436e-02,1.551385925903801990e+03,1.745905671184274865e+01,8.125267252559729059e+01
2.945055716706802135e-02,1.592315983192225076e+03,1.720493535112438011e+01,8.039749529145456108e+01
2.981854814956105132e-02,1.556530773647898286e+03,1.588067174176099527e+01,8.981682533960383807e+01
3.004953851182809443e-02,1.600755720992237912e+03,1.422611440102785707e+01,8.554181544979192608e+01
3.013699932614784943e-02,1.526600073786075427e+03,1.238406726552066317e+01,8.740718449239733445e+01
3.013125145284926976e-02,1.632628043717875698e+03,1.093639852600931128e+01,9.492107201726003041e+01
3.012592303134492902e-02,1.577283208692045491e+03,1.003070559428417852e+01,8.914506855874179791e+01
3.012072604835112910e-02,1.595761710275958421e+03,9.995909835123628184e+00,8.433503529172357105e+01
3.011574716225720594e-02,1.569332458474092846e+03,1.002412958260932463e+01,8.369675256147792197e+01
3.011074482800009736e-02,1.619287366676329157e+03,1.001450727655799433e+01,8.959642063108968557e+01
3.010563686989163948e-02,1.563287375929277914e+03,1.000032180982117147e+01,8.445063724395640747e+01
3.010056983627293001e-02,1.561454363591496985e+03,9.991863314232274362e+00,8.172228815798871437e+01
3.009544021790356433e-02,1.529840942222886724e+03,9.997979584795713137e+00,8.236840843008447166e+01
3.009046788764684066e-02,1.577323627062637115e+03,9.995698675526723420e+00,8.265370446724929820e+01
3.008541429122938912e-02,1.572130061419235972e+03,9.968064711762323782e+00,8.227887839618978205e+01
3.008041153236407431e-02,1.578991552292760616e+03,9.971101433115432400e+00,8.423323803081457584e+01
3.007546940458034890e-02,1.548820481408112300e+03,9.990616434994349149e+00,8.510488856921762135e+01
3.007049985496985239e-02,1.551192214444788078e+03,1.000219751633825105e+01,8.812428617845823453e+01
3.006538537765741578e-02,1.488410292754868351e+03,1.002661785543219963e+01,8.353099462925734997e+01
3.006037972776375022e-02,1.586953108817626344e+03,9.975103630431902957e+00,8.300039308168061325e+01
3.005533131390289783e-02,1.625460015668032838e+03,1.000947162590506423e+01,8.794517861176733220e+01
3.005035476933433369e-02,1.557965888147966325e+03,9.970024114067841836e+00,8.460498629286259131e+01
3.004533410474139604e-02,1.602350346669483088e+03,1.004092510590996312e+01,8.712744415394233499e+01
3.004019278837725265e-02,1.575165859688556793e+03,9.968650099048728563e+00,9.100639269258512343e+01
3.003503497945000239e-02,1.552833765418915846e+03,9.988464157038505320e+00,8.906828677950196038e+01
3.002991912607222078e-02,1.505347180008881423e+03,1.002740649128250539e+01,8.478374156037280329e+01
3.002479747193064624e-02,1.472710110042977931e+03,1.000888187945336050e+01,8.241106288592322926e+01
3.001981008771854864e-02,1.571435707199042554e+03,9.965021559421293418e+00,8.496882105170115551e+01
3.001471050118889941e-02,1.511041412705281346e+03,9.979111444850104817e+00,8.431245178848618593e+01
3.000967356383525339e-02,1.594789013555682232e+03,1.001623664354186083e+01,8.552507908571033113e+01
3.000471285237318528e-02,1.558194098034543913e+03,1.002091953595052587e+01,8.387385748890059745e+01
2.999976511769101434e-02,1.555551590900565770e+03,9.970586432177334757e+00,8.508245248520793780e+01
2.999481667502570600e-02,1.481126708936565819e+03,9.963904949241712217e+00,8.519297991266840597e+01
2.998970545444545888e-02,1.544946297551536190e+03,1.002160962731461424e+01,8.581999565818637166e+01
3.002765704644766789e-02,1.571807002425423434e+03,1.020992065771650559e+01,8.329078451293335661e+01
3.013767001224407216e-02,1.569900332102696666e+03,1.002084587086897294e+01,8.455418235668031457e+01
3.030070208854507632e-02,1.591918524742444106e+03,1.001713558180100705e+01,8.642447115828889537e+01
3.047430948471156059e-02,1.664450023077103197e+03,1.036682015285627934e+01,8.572032407992638525e+01
3.069067617126221281e-02,1.433229574244526475e+03,1.000833822154569930e+01,8.363883670584323227e+01
3.100860025628304761e-02,1.454051652991023502e+03,1.043947255934261520e+01,8.084701127741082871e+01
3.127853423500827346e-02,1.577966998083443741e+03,1.053654031809153047e+01,8.732912248777100217e+01
3.171826637442397984e-02,1.621916713814096056e+03,1.160758693324209290e+01,8.245920118405170740e+01
3.212851191678392504e-02,1.508539278435117467e+03,1.242926746020056505e+01,8.575746527625535975e+01
3.276217392201683648e-02,1.502280213966751944e+03,1.404312487997366787e+01,8.155176505031852230e+01
3.334729318117632402e-02,1.685927706100282649e+03,1.502943072781127576e+01,8.075794126881733348e+01
3.432155496234712971e-02,1.582288040780932533e+03,1.778792688941215872e+01,7.734367199873737775e+01
3.528066753791601895e-02,1.524179860059176463e+03,1.964337712541025027e+01,7.306509810086849654e+01
3.604537244576058730e-02,1.633657354703976125e+03,1.993993580619237704e+01,8.191368057260331170e+01
3.670880736556005053e-02,1.617820832863802025e+03,1.959939025254612943e+01,7.818906714009573022e+01
3.730865562862525214e-02,1.585137288166327835e+03,1.923213085892929186e+01,8.295403304305941106e+01
3.745527078847883662e-02,1.580599920164529749e+03,1.687318623135824325e+01,9.130543805683385017e+01
3.762297155146084732e-02,1.569499971515509515e+03,1.533144590154620879e+01,9.345498278434999406e+01
3.765110152000214483e-02,1.556554082840474393e+03,1.375561372101800117e+01,9.698436662038898248e+01
3.764307362672045243e-02,1.359884228638209152e+03,1.250840236934013028e+01,8.709722936806389271e+01
3.763586056874863167e-02,1.341931959897590559e+03,1.164483868048502835e+01,9.016182141044349407e+01
3.762907723516885350e-02,1.334770085895150714e+03,1.092479892723553014e+01,8.853213840624255226e+01
3.762262042902480424e-02,1.150004424043483141e+03,1.031618271369520912e+01,8.255469862430443584e+01
3.761617856514148928e-02,1.114243380787772367e+03,1.000752226750994467e+01,8.283301152403295475e+01
3.760992192926852079e-02,1.183246668557713519e+03,1.000383316348979434e+01,8.461975189318316382e+01
3.760345013087750682e-02,1.228663799895106877e+03,1.000482147605826455e+01,8.467423326590949273e+01
3.759705809673472704e-02,1.132838897597189771e+03,1.000666923103342754e+01,8.246058574098192651e+01
3.759057270711187865e-02,1.180508528178522738e+03,9.983755688965109343e+00,8.041806699389677249e+01
3.758424920113390133e-02,1.205082140074241579e+03,1.001306922494878293e+01,8.475439685708880688e+01
3.757777711431581347e-02,1.213448815617993660e+03,1.000335753344372236e+01,9.027492159507937686e+01
3.757142630088609880e-02,1.199314912113244191e+03,1.000699643123918570e+01,8.268178369085853774e+01
3.756522144879047287e-02,1.180254213257872607e+03,9.998736595675294936e+00,8.699608861281598138e+01
3.755890259526371150e-02,1.159992016473408285e+03,1.002069585957763920e+01,8.367489847949556747e+01
3.755257063763531994e-02,1.194105308455146087e+03,1.014355170358226665e+01,8.116619623802745309e+01
3.754622583006005793e-02,1.164843659134516201e+03,9.981361856159887580e+00,8.433360267755307405e+01
3.753982907373007438e-02,1.145197889250679509e+03,1.001299473586107780e+01,8.955644479918321110e+01
3.753354421563737803e-02,1.202139419438994082e+03,9.995935343814654317e+00,8.638573578460780311e+01
3.752736442962228969e-02,1.145458180836093106e+03,1.002322834398136386e+01,8.080803312662543192e+01
3.752109564880150988e-02,1.117083775040053297e+03,9.981683557125645478e+00,8.027288591730828671e+01
3.751468592903287047e-02,1.147611465600612291e+03,1.000600776175865114e+01,8.041369336612865482e+01
3.750829329240795706e-02,1.144876265137786731e+03,1.012695936617203429e+01,8.388114313961693824e+01
3.750186437722052152e-02,1.178878690730579365e+03,9.981499090858656942e+00,8.542280421632769105e+01
3.749563041958919873e-02,1.204530116196415747e+03,9.994931608524845856e+00,8.762549656949001076e+01
3.748939054986358960e-02,1.197603122953034699e+03,1.002325255919006963e+01,8.336911148618661116e+01
3.748304914453706727e-02,1.177474887587960893e+03,1.000638984043890467e+01,8.783155780633612153e+01
3.747681792781470261e-02,1.149584878152488955e+03,9.976472794744244865e+00,8.297335613950539823e+01
3.747048248423034966e-02,1.226222724412805292e+03,1.000976606033458083e+01,8.692801890892067718e+01
3.746430672690792552e-02,1.247580454071811573e+03,9.974964366138848959e+00,8.641879888760011852e+01
3.750302504906735668e-02,1.187735805865343309e+03,1.003083073867394504e+01,8.336659716382575880e+01
3.759691766669086971e-02,1.235475506787155609e+03,1.025512686593734379e+01,8.643440376539979297e+01
3.773264519100055780e-02,1.230327863820238463e+03,1.000495781374134019e+01,8.904010341257750838e+01
3.796727427234692503e-02,1.293094663955695069e+03,1.004708536006071462e+01,8.804560116049715646e+01
3.827164389929954558e-02,1.322431783442973483e+03,1.047713901370990897e+01,8.370035344109899711e+01
3.856469957666512627e-02,1.368802558603532589e+03,1.073728168559700968e+01,8.069341819951672790e+01
3.889723948822634142e-02,1.362559703982675273e+03,1.110384850434975590e+01,8.171442869955816946e+01
3.919416540538184918e-02,1.436660782735968041e+03,1.134219868194392866e+01,8.615345242870893117e+01
3.973361983637351685e-02,1.401406434955644045e+03,1.264230595868682983e+01,7.979803230589409679e+01
4.019317846448763887e-02,1.496902774811149357e+03,1.323459072249486468e+01,8.219082494409380502e+01
4.055721317935987585e-02,1.483431680025299102e+03,1.312188647231640992e+01,8.273462459324699125e+01
4.078692171951021905e-02,1.561448482124889324e+03,1.259956895040203229e+01,8.254306756915769938e+01
4.092323389271723677e-02,1.456727310837751475e+03,1.182915272374746252e+01,8.313402921903212928e+01
4.103560906005503106e-02,1.498107077537511486e+03,1.111032130070927870e+01,8.332386547106511898e+01
4.118731982767094568e-02,1.452712276307555612e+03,1.085123451103338255e+01,8.926642675037656716e+01
4.129427671402059047e-02,1.389989919364982370e+03,1.048594329436575379e+01,9.093110855364318468e+01
4.140332473918430234e-02,1.390301608838706215e+03,1.032476994816224547e+01,8.823586006090121714e+01
4.148784343007357739e-02,1.369131487184556136e+03,1.012536882296054230e+01,8.691998652932778668e+01
4.152543886396211498e-02,1.336804410983723756e+03,9.998602863629923121e+00,8.702853471269224883e+01
4.154235704276994234e-02,1.390367456532375627e+03,9.987668999354845312e+00,8.837323894251032641e+01
4.153524268979759404e-02,1.322342656448551907e+03,9.994345179559793735e+00,8.982473406409474137e+01
4.152838399737697472e-02,1.294536362739841024e+03,1.001711589976138939e+01,8.338710660456648327e+01
4.152148447069345383e-02,1.332528043446275660e+03,9.987974558724054930e+00,8.144166924854118861e+01
4.151454031189204946e-02,1.276131970404233243e+03,1.000744711323285685e+01,8.041555359283049143e+01
4.150747775920340249e-02,1.304254051567816532e+03,9.998375381906850379e+00,8.539308105369836710e+01
4.150044314652123756e-02,1.325632358649164189e+03,1.007955331266221854e+01,8.337644830468686052e+01
4.149336140184899102e-02,1.306214824721041396e+03,9.993488501091423615e+00,8.145106218200210435e+01
4.148649813334955028e-02,1.357907899431737860e+03,1.000251841689547483e+01,8.208079833694115734e+01
4.147962201568061724e-02,1.336780159374965933e+03,1.002133649193886633e+01,8.310278934679661234e+01
4.147261129123459844e-02,1.330180803383684861e+03,1.000565885614427231e+01,8.579549987543389022e+01
4.146560991657268630e-02,1.340793033328761339e+03,1.000438060183000921e+01,7.984362600804396948e+01
4.145850695514958356e-02,1.365163777084181220e+03,1.000403898996551533e+01,8.931336764709264742e+01
4.145145948447632317e-02,1.375173420273093370e+03,1.002648278840518437e+01,8.567893209366982887e+01
4.144462790943542058e-02,1.407869419302687447e+03,9.997008720624720013e+00,8.657516563942377275e+01
4.143777713234552545e-02,1.330821041041718445e+03,1.001496383170071169e+01,8.338621137981334641e+01
4.143063137827653758e-02,1.249629777016541311e+03,1.002072918283310443e+01,8.439974775756418524e+01
4.142352437894197131e-02,1.286694144512253843e+03,9.994287212675617482e+00,8.771556829940131195e+01
4.141668326646479048e-02,1.307660882475164954e+03,9.990649210478849795e+00,9.008926512298202738e+01
4.140963391483024059e-02,1.270435860197228749e+03,1.002349491894607958e+01,8.270763494297904117e+01
4.140277400995183432e-02,1.302063153309032714e+03,9.996704187485773829e+00,8.930008090143391541e+01
4.139563860251575106e-02,1.379233656672498910e+03,1.002178239034412144e+01,8.368068227969499162e+01
4.138859745349620506e-02,1.345430811453518572e+03,9.984083031228822236e+00,8.285335827143821064e+01
4.138172523959723903e-02,1.321753734613312872e+03,1.001840691751160506e+01,8.653348349527860250e+01
4.137460508555194927e-02,1.349163341473195260e+03,1.001977006965488570e+01,8.387139259784549949e+01
4.136758874765485150e-02,1.310710132391230900e+03,1.000581069097378872e+01,7.995625929217916905e+01
4.136077061606140831e-02,1.424666336948024536e+03,9.987210730825156091e+00,9.186764260002694016e+01
4.135388373957070429e-02,1.349064321595912133e+03,1.001732716233374454e+01,8.570986408201427764e+01
4.135888343295282543e-02,1.344544356402739368e+03,1.016827188836100859e+01,8.045890042882049897e+01
4.149728147622374491e-02,1.444362017787337663e+03,9.987858920761985004e+00,8.624962647888138179e+01
4.181342657110447697e-02,1.375542319442098460e+03,1.032739041855294637e+01,8.932664766213103746e+01
4.185696706307759363e-02,1.480363877335224743e+03,1.020823108424312586e+01,8.890825038518224233e+01
4.198240035578199025e-02,1.439443037405103269e+03,9.986737449270391309e+00,8.788485309866975115e+01
4.224495720474666371e-02,1.496256535180766832e+03,1.023768912830205302e+01,8.632568469779720033e+01
4.267339710475862025e-02,1.487914745321006876e+03,1.109377695761810578e+01,8.263035160914222388e+01
4.313787748096058194e-02,1.484354157300761926e+03,1.202478322815594680e+01,7.958215036784626761e+01
4.372482020932737246e-02,1.450229985656152621e+03,1.312824741878180745e+01,8.032788553709254131e+01
4.458637981586771604e-02,1.511331837081261710e+03,1.559832270869103077e+01,7.961300451709234949e+01
4.565088857681451340e-02,1.461317062734809724e+03,1.817084707681915390e+01,7.303164677543982464e+01
4.630889006913477268e-02,1.510230049006106810e+03,1.804796884158776038e+01,8.832163063791544744e+01
4.669847643497102019e-02,1.579074518055577300e+03,1.672366972033870880e+01,8.752948873000140395e+01
4.702406774216797564e-02,1.506734371432435182e+03,1.554462954552349174e+01,8.742448973859423234e+01
4.745658602408604765e-02,1.653720195883346832e+03,1.515917619655224691e+01,8.643637526555788497e+01
4.781070934038836318e-02,1.634074153837888161e+03,1.447536096832982544e+01,8.644010315687387447e+01
4.801250163469970855e-02,1.539182737497566450e+03,1.343294819380027505e+01,8.852631683283124175e+01
4.812933839293318666e-02,1.567309140172794059e+03,1.240132828913669449e+01,8.988300438253652658e+01
4.822595103025321961e-02,1.423165764240688304e+03,1.153164853712627291e+01,8.277235613208934240e+01
4.825471052277514189e-02,1.372150941574127273e+03,1.063433755459734620e+01,8.264459043570957419e+01
4.825305135180395916e-02,1.485940008152482505e+03,1.001702653815626043e+01,8.778549845134207885e+01
4.824509190444013079e-02,1.386762565225032631e+03,1.001551620327111536e+01,8.770015044496643952e+01
4.823691231419514891e-02,1.404033860118366647e+03,1.000924348736310954e+01,8.044811221856447503e+01
4.822861058791105132e-02,1.402935956827311884e+03,9.997582428041980052e+00,8.633697286777615432e+01
4.822061473203795301e-02,1.424030473613892809e+03,1.000316248414813458e+01,8.451955486696081721e+01
4.821243512261327163e-02,1.446943220905003272e+03,1.001093682591445955e+01,9.118945389352752784e+01
4.820427466680436701e-02,1.359844972753259526e+03,9.998217242368898638e+00,8.213694545660582946e+01
4.819607819272345162e-02,1.450658925041778048e+03,1.001641204439675370e+01,8.877030561864438596e+01
4.818797085829294724e-02,1.444832434410194310e+03,9.991973865656071041e+00,8.887583519732234549e+01
4.817991906543554054e-02,1.346062445584025681e+03,1.001155805264894205e+01,8.549405492468056877e+01
4.817183175068379813e-02,1.388373379263170136e+03,1.000129930173802784e+01,8.536583964237723876e+01
4.816388656401018875e-02,1.423382933662665209e+03,9.979926914098051327e+00,8.644511246924675163e+01
4.815565750350474933e-02,1.355695817759488364e+03,1.002674073037079872e+01,8.375846485200851532e+01
4.814765753041940627e-02,1.317019511605608159e+03,1.023627363093631537e+01,8.169294019420499353e+01
4.813951577639035556e-02,1.397897425622240689e+03,1.000414578502746643e+01,8.490481613164568842e+01
4.813139123567932581e-02,1.382331903183671784e+03,9.992643300196954570e+00,8.217221727493678429e+01
4.812319383829789105e-02,1.439074543130230495e+03,1.001394963080122835e+01,8.563052028910884417e+01
4.811506238522451906e-02,1.425828809656552266e+03,9.983162020375781154e+00,9.104497865136032431e+01
4.810707485183172288e-02,1.359570787308386116e+03,1.000770396670591289e+01,8.180036065614508800e+01
4.809892217314117036e-02,1.426099005288429225e+03,1.012792740937943137e+01,8.959069103038024195e+01
4.809063744881620500e-02,1.360024051436084164e+03,9.996032131711883650e+00,8.310734692601199924e+01
4.808247594631107069e-02,1.347861622669529652e+03,9.993366086801422910e+00,8.392284816496079713e+01
4.807429476054702472e-02,1.367720266049581824e+03,1.003924689280373883e+01,8.888582108000778703e+01
4.806620737744948108e-02,1.390204820675367955e+03,1.001310984038284779e+01,8.518959102748497969e+01
4.805805656722125785e-02,1.396802771542473920e+03,9.998314666657563521e+00,8.283849541276812545e+01
4.804987747735004616e-02,1.418155128956236922e+03,1.000612946765472344e+01,8.354335863276016028e+01
4.804182002424875475e-02,1.378199010680454421e+03,1.001287268761372040e+01,8.755073290381123741e+01
4.803370959305076904e-02,1.400118233823718583e+03,9.986113126157508901e+00,9.285411996893108721e+01
4.806033634488254824e-02,1.303804695551351642e+03,1.025890910963456371e+01,8.738898604065231268e+01
4.808783252572534916e-02,1.338776435218373763e+03,1.021042855973900565e+01,8.279018127925571946e+01
4.816835194458131408e-02,1.349909734967262011e+03,1.001199704509583377e+01,8.843692435733611035e+01
4.830986571562271431e-02,1.257989412099187803e+03,9.991353565416405402e+00,8.601964959782550579e+01
4.848735915197225493e-02,1.386609820073157607e+03,1.000093917775222785e+01,8.391982118604306606e+01
4.864306340343004659e-02,1.310650208975117039e+03,1.035044886926512042e+01,8.326223959407309394e+01
4.877587845027930163e-02,1.413197046633260015e+03,1.007727096940237033e+01,8.660535730312119540e+01
4.892391847568257346e-02,1.360620826615426722e+03,1.001476382793760145e+01,8.934114178017493657e+01
4.905494810691074514e-02,1.285667818920177524e+03,9.990138865776252430e+00,8.597700725064832739e+01
4.928042483771104265e-02,1.373015221654437937e+03,1.034570122356698718e+01,9.001976090804157593e+01
4.941090498072973208e-02,1.268761642864142686e+03,1.029578523542715729e+01,8.394804560093373880e+01
4.957766326840194054e-02,1.263561662914652061e+03,1.042305656326399799e+01,8.737922414665020199e+01
4.979821167925869985e-02,1.155590734096396091e+03,1.082215002568399598e+01,8.105031607027572704e+01
4.994590571798384476e-02,1.147183359006200817e+03,1.079791410179602629e+01,8.259066691375647906e+01
5.004774584901364176e-02,1.120587285928322899e+03,1.074072053210088917e+01,8.708521452624681558e+01
5.014368910966036236e-02,1.051751026281124950e+03,1.076604539012533301e+01,8.636157662975197979e+01
5.019951209627897953e-02,1.085382844583725728e+03,1.073987937481944499e+01,8.461890922522509584e+01
5.025211308556706835e-02,1.039887917463590611e+03,1.076561372416495921e+01,8.516584856172885054e+01
5.026596971246720391e-02,1.051882734156633433e+03,1.057775033572836243e+01,8.911099407332368116e+01
5.027350087621707680e-02,1.069417789000276343e+03,1.035444634387779672e+01,9.446495250605509852e+01
5.026486324954103357e-02,1.027098522005438099e+03,1.017668756444798284e+01,8.741156413588973351e+01
5.025614296035242623e-02,9.644159249798259452e+02,1.009207532766538584e+01,8.608539862076149518e+01
5.024769656764133813e-02,1.047194090165013449e+03,1.004541658910644131e+01,8.489367947041104401e+01
5.023920377023517042e-02,1.030917912879428968e+03,1.000103003174790217e+01,8.639583024938949052e+01
5.023056353875836322e-02,1.062931686923124062e+03,1.003106447388764977e+01,8.486653034908650284e+01
5.022191480650759626e-02,1.136336345615390655e+03,1.005231093044919888e+01,8.747856323248433341e+01
5.021339028767814183e-02,1.151265368805135267e+03,1.012930787168217783e+01,8.903705796700906205e+01
5.020483494755104831e-02,1.161745193278235092e+03,1.014248852331570561e+01,8.379636719588459925e+01
5.019635913808393607e-02,1.158246317440989060e+03,9.996381946295194609e+00,8.432904618516420214e+01
5.018797684156855315e-02,1.168357907759419504e+03,9.992540059179603418e+00,8.364944431292519766e+01
5.017946353478346111e-02,1.077342949380457185e+03,1.000340081516257129e+01,8.057494871917565149e+01
5.017111102057071614e-02,1.132739256825410394e+03,1.000041856052651923e+01,8.517725832332807556e+01
5.016283221193015840e-02,1.185721070828163420e+03,9.994893589075090290e+00,8.211377153502461113e+01
5.015456492960766732e-02,1.120551046042307007e+03,1.004686037263713594e+01,8.636274625084985246e+01
5.014623760109345602e-02,1.195615079644757316e+03,9.989436033334751386e+00,8.877738792610674068e+01
5.013778883055259455e-02,1.216221020207413176e+03,1.023077291504223929e+01,8.397221616702819347e+01
5.012944199472149642e-02,1.235185044585260812e+03,9.989041436885777614e+00,8.859972480476915280e+01
5.012104034811189907e-02,1.198303876415740660e+03,1.000480616167795311e+01,8.447611775070906504e+01
5.011237721166148656e-02,1.222110439710296760e+03,1.000084139322351895e+01,8.814268500288427788e+01
5.010369472389226975e-02,1.163240013129560339e+03,1.014447946969881009e+01,8.702252712885554331e+01
5.009502892076523467e-02,1.178792988594343342e+03,9.989128036139492295e+00,8.621556436161428394e+01
5.008646284551182548e-02,1.151579385078190398e+03,1.000671810073943213e+01,8.653378004628920905e+01
5.007787304113279353e-02,1.173670456385195848e+03,9.976489526182001910e+00,8.924049219503493191e+01
5.006955066609205390e-02,1.188584584328938490e+03,9.984193182775273456e+00,8.591775709575153996e+01
5.006123358747420482e-02,1.210696646691028263e+03,9.975416737039488169e+00,8.565208751243285690e+01
5.005266246427503285e-02,1.235355789718422557e+03,1.000541587993657622e+01,8.797221670484351819e+01
5.004400127425012029e-02,1.224506949761918122e+03,1.002699641622740501e+01,8.334867338998947162e+01
5.003538934651514253e-02,1.215754886355191047e+03,1.000156519403611100e+01,8.662813271412787230e+01
5.003339504195680049e-02,1.289415200472669540e+03,1.011077933944662810e+01,8.454984814683979266e+01
5.004802604793586601e-02,1.387465764401709066e+03,1.004822640925975463e+01,8.654159407640763391e+01
5.020580857402552610e-02,1.292847450571228364e+03,1.001920953982768836e+01,8.507661157843358524e+01
5.036505119150033044e-02,1.309895830419931826e+03,9.982822250220865001e+00,8.278760101335406318e+01
5.046285086799131431e-02,1.328107822946659553e+03,1.016287883462421959e+01,8.409822236173036458e+01
5.060815308257129996e-02,1.376981077153248179e+03,1.000963637660993300e+01,8.675148072417302103e+01
5.099063229418105553e-02,1.304238040655005534e+03,1.019847660118568733e+01,8.490745265624531157e+01
5.152616832169919225e-02,1.313119656931720101e+03,1.121161966719211911e+01,8.260350665468183706e+01
5.217079494136052376e-02,1.301761616120463032e+03,1.258618907782827456e+01,7.761587129193644330e+01
5.262740959597227153e-02,1.394983815517973198e+03,1.278064408095872651e+01,8.045857951412793341e+01
5.361406496571256841e-02,1.384959230867617862e+03,1.578595361284722998e+01,8.057041089080107099e+01
5.482154505480139189e-02,1.263817725990790223e+03,1.930267806007448783e+01,7.888511068672210058e+01
5.587795850582764901e-02,9.846070928827623447e+02,2.009536858134074677e+01,7.329830671920615259e+01
5.681126250886046891e-02,8.349407807337961458e+02,2.007519092566922225e+01,7.484873045892778975e+01
5.770567099720432663e-02,8.106559067425365583e+02,1.997099640053426839e+01,7.843966102629161696e+01
5.844269145198143639e-02,9.078381799283188229e+02,1.970577634151846169e+01,7.815191176155759933e+01
5.909545055667723285e-02,1.065982456192523159e+03,1.887413455039085264e+01,8.966403395056535430e+01
5.959731474245653915e-02,1.199519035312822780e+03,1.750796533422100865e+01,9.509430142165804511e+01
5.993443327801089432e-02,1.280270429273259197e+03,1.581071282918317777e+01,9.535033472151279454e+01
6.009003195578217771e-02,1.429739568694695436e+03,1.397693066362997349e+01,8.937612536581914924e+01
6.009435911444630657e-02,1.369774874744474573e+03,1.190541659453176671e+01,8.733193094458856365e+01
6.008345325941868986e-02,1.479933589288398707e+03,1.051718076787423684e+01,8.791766179935318348e+01
6.007329913631971607e-02,1.420548708156408111e+03,1.000981087215994947e+01,8.741939953640027738e+01
6.006294646187205349e-02,1.532228245830973492e+03,1.001665097838130691e+01,8.073459300601503230e+01
6.005286103740910264e-02,1.654042878429472012e+03,9.998491527905139620e+00,8.194990767971546575e+01
6.004262172224299199e-02,1.572005820809276429e+03,9.988471915066174489e+00,8.239243293426866899e+01
6.003228986287702934e-02,1.681409373643857180e+03,1.000919003780993854e+01,8.710924725352333553e+01
6.002210027063759751e-02,1.601475576159301681e+03,9.979217450134621359e+00,9.014825828239030159e+01
6.001200262632427895e-02,1.565447093850130614e+03,1.002483782511172450e+01,8.664985487119241725e+01
6.000187895360447471e-02,1.598697637875634200e+03,1.002053962206196758e+01,8.568548468452551958e+01
5.999165925281061545e-02,1.663986259809834110e+03,1.000572681266867292e+01,8.987888661369132137e+01
5.998148557968632083e-02,1.573795882403076121e+03,9.972098679257083376e+00,8.542081132409349209e+01
5.997128427649846966e-02,1.603703818644533612e+03,9.985260406021888357e+00,9.161892497989377659e+01
5.996142288760383798e-02,1.548368759735029698e+03,9.967877222633187984e+00,8.294804117364947160e+01
5.995150611839446253e-02,1.590416457464827772e+03,1.001716526929710582e+01,8.628209145257207524e+01
5.994116798683869762e-02,1.593192447609825194e+03,9.964099718431832287e+00,8.786593624133682567e+01
5.993104324171415198e-02,1.643137271555398229e+03,1.003000553619416912e+01,9.305879579515610089e+01
5.992077008403555449e-02,1.587041584447075138e+03,9.989730242960023432e+00,8.832723329059268735e+01
5.991083658276834950e-02,1.593665320560591908e+03,1.001773600618417959e+01,8.579391587604354186e+01
5.990057938011614236e-02,1.621973632674375494e+03,9.977533953830402425e+00,9.073134736397368272e+01
5.989059851478439195e-02,1.532855119185295280e+03,9.988168308737979117e+00,8.275036226152144536e+01
5.988073984200568967e-02,1.585274732394255807e+03,1.001257495767124261e+01,8.503307375047299388e+01
5.987042454278846543e-02,1.526361522993005337e+03,1.001134072327753621e+01,7.937859108657632135e+01
5.986037653375356898e-02,1.553251793927615381e+03,9.992145223447790769e+00,8.391140439483561408e+01
5.985045773468520430e-02,1.632241425769390162e+03,9.986635656856279297e+00,8.776070482834312259e+01
5.984028082798294873e-02,1.537550158786963721e+03,9.987523084485546931e+00,8.387888430606962231e+01
5.983036975679375397e-02,1.584750066312152057e+03,1.000539661436792294e+01,8.546813779777379239e+01
5.982006061934946189e-02,1.539186640177558274e+03,1.000785606752195278e+01,8.426505331613023486e+01
5.982308136593612186e-02,1.614687790573367465e+03,1.001805800232090959e+01,8.608508314096717129e+01
5.989978177701075351e-02,1.547381624673983424e+03,1.000348385393445660e+01,8.585474797935773950e+01
5.994515519184830110e-02,1.576220327715582471e+03,1.011613549746487450e+01,8.483855541597580441e+01
6.015628091569967528e-02,1.561931385474229955e+03,1.005523345918630795e+01,8.474176902812222067e+01
6.045190033437448235e-02,1.532076161723568248e+03,1.003396175520630429e+01,8.556721037746319780e+01
6.096118449301025921e-02,1.510397493207298112e+03,1.082736847656516410e+01,8.723503213667453338e+01
6.164147731453691742e-02,1.410169763584578959e+03,1.237216244219211170e+01,8.115356863928317921e+01
6.230282082595823417e-02,1.423517723109570397e+03,1.316926445998210937e+01,8.013185598704434653e+01
6.273710671669112393e-02,1.447876843216453608e+03,1.297691977012689080e+01,8.111991784969710295e+01
6.310135429541589847e-02,1.466925678693321288e+03,1.269214578794351489e+01,8.188882229250634737e+01
6.363748120353862614e-02,1.512633120151495177e+03,1.331559449584567467e+01,7.817581467767034553e+01
6.468142033040896743e-02,1.504630754056089927e+03,1.645444975269917620e+01,7.641326036632916896e+01
6.579403862697512373e-02,1.431036144736925280e+03,1.855269712599310949e+01,7.750239859682864108e+01
6.683158398353275520e-02,1.470189570201754123e+03,1.956308355579482239e+01,8.064654772554266060e+01
6.795547932831649818e-02,1.146981386937796515e+03,2.056661361132619348e+01,6.865040756597431937e+01
6.861811582365920370e-02,1.232264548495714507e+03,1.929922975045843003e+01,8.401261087985385245e+01
6.928866549785747675e-02,1.280708180883595787e+03,1.879224037824731752e+01,8.417775841823328165e+01
6.979040212501004536e-02,1.296322545295048712e+03,1.755974081916662399e+01,8.689737295238646198e+01
7.013820669242155914e-02,1.439419854038091216e+03,1.612611874565407177e+01,9.211901033850725184e+01
7.029431652608199299e-02,1.474255792142397013e+03,1.437351524001380199e+01,9.424750702576243100e+01
7.029632942989300082e-02,1.409991715943617237e+03,1.237243772452680979e+01,8.681539413829837315e+01
7.028276199490868237e-02,1.438734710959335644e+03,1.090153975039393153e+01,9.139829929701716082e+01
7.027052730923954993e-02,1.476477648780714844e+03,1.000649022444470404e+01,8.981767752199958466e+01
7.025864659934191736e-02,1.495142203369520530e+03,9.994034578785562672e+00,8.952354551824075202e+01
7.024681906138210974e-02,1.562022801724765714e+03,1.002045396887485573e+01,9.095617608854897185e+01
7.023479376060273727e-02,1.518884401397355077e+03,1.001619182266033192e+01,8.742757209836399568e+01
7.022317070154672491e-02,1.488851371434860539e+03,1.001104341596213487e+01,8.574563139317868377e+01
7.021150390935611274e-02,1.418014960457115194e+03,9.981901522728255927e+00,8.378721293247811275e+01
7.019937402019420236e-02,1.520658007225522852e+03,1.012729676788474720e+01,8.948934565377729200e+01
7.018748724348344847e-02,1.418433211837374529e+03,1.001656750234624305e+01,8.335074505683520840e+01
7.017541778210534265e-02,1.483960001583026724e+03,9.997740778162910402e+00,8.743957187196194525e+01
7.016356854364545759e-02,1.539677141984371247e+03,1.000116212700505258e+01,8.214121262174025162e+01
7.015155383887411444e-02,1.547848729455168950e+03,9.999049772484481124e+00,8.664413786539934392e+01
7.013964013782998663e-02,1.480546952099213058e+03,1.002117994648448729e+01,8.045756286495183929e+01
7.012807194914928710e-02,1.518215667381877893e+03,9.996567085036410560e+00,8.487894957919235139e+01
7.011644947394003735e-02,1.467314105811032505e+03,9.989370300863015473e+00,8.850676983108718332e+01
7.010470637925424187e-02,1.507291521494269091e+03,9.998922128448983315e+00,8.851007197387004055e+01
7.009267687624730347e-02,1.540472291144035808e+03,1.002399692096905781e+01,8.806280330865573092e+01
7.008105255074541240e-02,1.475691113779142825e+03,1.002738146655896045e+01,8.185518147090341756e+01
7.006934197334524494e-02,1.506375361632185786e+03,9.973279237650402251e+00,8.756549326712750769e+01
7.005746431349510472e-02,1.381803729509416826e+03,9.987265819049037319e+00,8.490419085280407785e+01
7.004589190207140270e-02,1.470926600207872980e+03,1.000543631404189959e+01,8.628861575861655808e+01
7.003435542274170922e-02,1.478917888234118436e+03,9.968348863875977628e+00,8.641075625346670108e+01
7.002245095811242270e-02,1.475279789046844371e+03,1.000332039825138608e+01,8.336202511047709152e+01
7.001068589568804068e-02,1.400955534614177395e+03,1.001024056846853583e+01,8.499681131143975676e+01
6.999908157656342667e-02,1.502740841169709256e+03,9.975339992232996167e+00,8.815543173910096186e+01
6.998728746606336371e-02,1.551684056909199853e+03,9.977596500865994145e+00,8.516048386365298484e+01
6.997554476462149176e-02,1.568171482440362752e+03,9.974565201737638276e+00,8.956547232859101371e+01
7.004917564139855057e-02,1.493279622201712300e+03,1.001569061630152113e+01,8.158044615149341894e+01
7.023996954805887538e-02,1.509486202089684866e+03,9.965080524730067779e+00,9.023127809390814491e+01
7.048824271553275067e-02,1.475755989929999942e+03,9.946865232611123986e+00,9.063149947241171844e+01
7.090932922831520713e-02,1.428517713965810799e+03,1.012557778666513464e+01,8.344271177326676536e+01
7.146469780137358618e-02,1.419358296502261737e+03,1.082148171846468188e+01,8.600537797095621784e+01
7.229729561791152503e-02,1.370475910465483821e+03,1.288614365575478260e+01,8.177178275261815088e+01
7.290438765347521943e-02,1.444265208644222866e+03,1.345203651815488577e+01,7.818066179846863406e+01
7.353994611286168714e-02,1.514281954400073118e+03,1.411860459649851940e+01,8.170935427312545585e+01
7.447555189384706675e-02,1.450471397976459002e+03,1.625337298135601571e+01,7.453026756208454628e+01
7.544941886203848647e-02,1.579321749651104938e+03,1.790976967659829455e+01,7.478726337897764154e+01
7.639319811122557979e-02,1.526223428710160761e+03,1.911284088468675435e+01,8.197227365435375646e+01
7.732922823608721907e-02,1.459332848360569642e+03,1.998316821242832475e+01,8.090593155973456874e+01
7.763918031382886775e-02,1.643992308234406437e+03,1.818259550610271802e+01,8.756740495187169415e+01
7.821830395921622325e-02,1.483179899187988440e+03,1.780652088139184386e+01,8.134532764798835558e+01
7.899071668309642913e-02,1.488486069202047474e+03,1.871518764599951012e+01,7.954233749064427172e+01
7.975938865626711061e-02,1.508861782501080597e+03,1.937854077434753464e+01,8.943229221221534431e+01
8.051542340789361041e-02,1.584588466162918849e+03,1.972271777783712920e+01,8.829141666977359648e+01
8.104446670161706556e-02,1.600027617865182492e+03,1.929777720000065599e+01,9.049863193079183077e+01
8.122292778751070974e-02,1.600239935690282664e+03,1.753198352807148908e+01,9.083923840106983505e+01
8.128613489355734911e-02,1.464119421758907720e+03,1.580788464425075901e+01,8.739885397191233096e+01
8.128335195197688989e-02,1.434153079268107604e+03,1.451536716879543043e+01,8.829466067061662216e+01
8.126547864285608991e-02,1.451721676042777972e+03,1.340242425977305274e+01,8.697367849159964237e+01
8.124851790235389226e-02,1.462938536362567447e+03,1.253440869879751318e+01,8.645724510694299170e+01
8.123273665817000444e-02,1.384172220951909367e+03,1.186185997625839406e+01,8.655364507015332265e+01
8.121782229736169978e-02,1.249785652832819096e+03,1.133777588712684015e+01,8.576098730287874616e+01
8.120277341012561989e-02,1.317877890568890507e+03,1.092577053608737181e+01,8.956286886033171868e+01
8.118836768149906291e-02,1.158472537887735825e+03,1.044244269233627520e+01,8.536162519503625390e+01
8.117447252242859790e-02,1.148228128044422874e+03,1.005749833507094237e+01,8.866889737872301680e+01
8.116056159708064099e-02,1.078053066571824957e+03,1.040936234753070799e+01,8.285758569885666702e+01
8.114646981750314736e-02,1.160045617823228895e+03,9.995989676168196780e+00,8.791569212190383098e+01
8.113260408086284126e-02,1.155790096029663573e+03,1.015205024505566556e+01,8.417243697690065574e+01
8.111900711089159444e-02,1.139326118831226495e+03,1.000987545593721784e+01,8.861634454569146158e+01
8.110554558010063531e-02,1.148495189416504900e+03,9.999962607853658980e+00,9.065061426569999981e+01
8.109189403114486216e-02,1.179356045074590838e+03,9.994625996724565198e+00,8.825819775352094609e+01
8.107791963063497309e-02,1.104650893379318177e+03,1.031104200537606630e+01,8.511464076629849274e+01
8.106382207878384816e-02,1.118516162290162583e+03,1.000029226474654642e+01,8.817729101539758574e+01
8.105021652805101395e-02,1.142080051624902126e+03,1.000672896546521251e+01,8.618276551776742167e+01
8.103632435991854621e-02,1.151582198364826354e+03,1.011051302485760850e+01,8.877797079446956729e+01
8.102295275009070707e-02,1.114989400826046904e+03,9.980389928989215065e+00,8.071969969158695335e+01
8.100921372618592742e-02,1.115543085610404432e+03,1.008758985104522665e+01,8.343242246000394857e+01
8.099521300832217274e-02,1.117292221432215911e+03,1.000986889569732163e+01,8.066028809584597070e+01
8.098142456016534096e-02,1.111589253306909768e+03,9.969682971057515886e+00,8.381429579915315742e+01
8.096794713601733473e-02,1.114278697657503699e+03,1.000188673544619000e+01,8.327332226728766784e+01
8.095431447685297321e-02,1.162039672346674479e+03,9.977633663760501648e+00,8.538369186514242415e+01
8.094045851235051603e-02,1.273743882280291245e+03,9.974583589011125184e+00,8.919986636888218356e+01
8.092658056286722301e-02,1.243794140340321292e+03,9.991872765993997874e+00,8.197411146104906265e+01
8.091318974746540549e-02,1.277004244736034025e+03,1.001429313100918250e+01,8.180078003738402970e+01
8.089978798736864596e-02,1.265678275178719332e+03,1.002780226645077910e+01,8.400438591331219129e+01
8.094160354118848377e-02,1.348213895666360713e+03,1.001661911536078975e+01,8.299104561986014517e+01
8.113957819185627085e-02,1.393522386294492435e+03,9.993127144260835593e+00,8.482919887227792799e+01
8.148390826225207495e-02,1.437525031481821543e+03,1.000996269374553904e+01,9.206773286305278248e+01
8.201772975093025997e-02,1.362529737964474407e+03,1.110882449936914362e+01,8.375391717816465587e+01
8.265588804206901175e-02,1.451545526385351877e+03,1.267715514085608675e+01,8.005442881715842418e+01
8.339616737945679259e-02,1.404159278574939435e+03,1.416295250382756343e+01,8.027492001071838956e+01
8.418343009079877481e-02,1.408983358850149898e+03,1.562454958438552488e+01,8.673947909516208199e+01
8.513538117916703840e-02,1.394442616185584257e+03,1.739875530809908000e+01,7.784969830586113915e+01
8.614262434619014697e-02,1.192151019678545026e+03,1.883147593593328750e+01,7.289602087277067710e+01
8.716414351325638132e-02,9.185172294794965637e+02,1.974544868508803930e+01,6.674849373788941875e+01
8.807373774413801426e-02,7.015332216530283631e+02,2.031532486597162901e+01,6.167885040291182008e+01
8.886588593287139681e-02,5.610002445954485211e+02,2.029531408490105449e+01,6.242583291733247108e+01
8.959230431878556500e-02,5.270964076290561025e+02,1.988210669109808748e+01,5.811335525698233084e+01
9.022552206734023306e-02,5.799603844617940922e+02,1.951600424532155742e+01,6.527039086315761551e+01
9.080868186787863228e-02,5.826426948771122625e+02,1.944434232063085588e+01,6.356912215583009385e+01
9.125049679076867315e-02,6.315915858838894792e+02,1.874774216427790208e+01,7.528795829894103520e+01
9.164723115603953807e-02,7.457663495087739420e+02,1.812933253989766769e+01,8.040881545779416228e+01
9.201866500126121284e-02,8.605389930271896901e+02,1.770741758319873682e+01,8.899998078522570211e+01
9.249270406331809580e-02,8.285833997233606851e+02,1.794606597361459066e+01,8.325403555234009900e+01
9.277133132382048286e-02,9.879965430508549389e+02,1.728829939094207901e+01,8.329692878443378845e+01
9.280735808355984606e-02,1.059477297099903581e+03,1.585422815736606594e+01,9.066601567076992296e+01
9.278491604542400684e-02,1.041771617992873416e+03,1.446024062687323308e+01,8.578446496819547917e+01
9.276391289784527427e-02,1.136998832556317666e+03,1.340820890861583337e+01,8.530499204797365564e+01
9.274513022462890777e-02,1.142179161723799780e+03,1.252641658630700050e+01,8.780886969888022975e+01
9.272727740560637866e-02,1.068656370410535601e+03,1.198727599912116659e+01,7.872660720065441353e+01
9.270997678960285482e-02,1.075427664759676873e+03,1.161577884180629638e+01,8.695605100897678597e+01
9.269266631528404188e-02,1.060215797623057369e+03,1.130705854295171697e+01,8.474531502726398458e+01
9.267561295623601147e-02,9.860074509885214411e+02,1.096350946881696764e+01,8.631119222350470466e+01
9.265926751281070017e-02,9.496449160766399018e+02,1.069566133170829580e+01,8.403555248155815605e+01
9.264327388568117938e-02,9.449512869256695922e+02,1.041747724456344670e+01,8.355721212987820934e+01
9.262712995369615232e-02,9.611247015542368217e+02,1.026480181706842210e+01,8.166672458013873381e+01
9.261102432671962370e-02,9.482053097136216593e+02,1.004620439229261386e+01,8.475895385880679100e+01
9.259559418821307342e-02,9.755644463780553224e+02,1.004043985692780083e+01,8.722629571358820044e+01
9.257980721993118445e-02,9.598619263711741496e+02,1.020950343922769399e+01,8.318358719129759038e+01
9.256381147102117624e-02,9.861266774251237166e+02,1.000560898976569568e+01,8.177833444538556762e+01
9.254784660257610318e-02,9.780791669225403666e+02,1.040018103208836031e+01,8.368253765016113732e+01
9.253206256818045927e-02,9.455834927380161616e+02,9.999805510096347660e+00,8.068204094243596103e+01
9.251646310230125791e-02,9.428875614394748936e+02,1.025670492448479898e+01,8.133066600497087961e+01
9.250051332046767272e-02,9.491297870711646283e+02,1.001165308349407468e+01,8.785847451425426868e+01
9.248494036658866380e-02,1.009973761117489744e+03,1.000761099470099147e+01,8.923107882688753989e+01
9.246941113042173033e-02,9.241441609352034448e+02,1.029088302516581166e+01,8.053934942453655310e+01
9.245401598695177081e-02,9.435335124822428270e+02,9.996312221341801418e+00,8.621597701327537777e+01
9.243812789284384934e-02,9.954310842532129300e+02,1.008708226413634890e+01,8.662040684753563369e+01
9.242203725696417072e-02,9.624527292869423718e+02,1.041818858094047684e+01,8.309605158338693798e+01
9.240587075754648494e-02,1.024715947199338416e+03,1.001119334375050762e+01,9.303596121412110165e+01
9.239031694784571869e-02,9.882763347579361835e+02,9.993414224645578159e+00,8.281323648365291490e+01
9.237488134236201964e-02,9.952991573428529364e+02,9.997100453141955612e+00,8.418340214659573917e+01
9.235903093115432894e-02,1.029227167764473961e+03,1.025932177985270854e+01,8.931169997908186531e+01
9.237857160198933992e-02,1.024814862809461829e+03,1.000380943374685039e+01,8.524984474804575996e+01
9.252388772396442918e-02,1.065221989766293518e+03,1.016058326765156217e+01,8.568445785178474239e+01
9.279596529677694439e-02,1.026537785829259292e+03,1.079663221560808495e+01,8.329089188440012492e+01
9.290448036510565166e-02,1.122777692523541873e+03,1.062093799608123312e+01,8.535222342959364994e+01
9.304965007176951852e-02,1.185272356576110951e+03,1.062798373355616377e+01,9.025401285644308302e+01
9.354159010681514785e-02,1.145592112586650956e+03,1.212494716871550438e+01,8.396364976777223887e+01
9.388224430765289286e-02,1.201572201553875857e+03,1.262332431339095429e+01,8.601757994261673446e+01
9.424189156639393994e-02,1.237177892433499665e+03,1.305093906690861161e+01,8.504166006832193148e+01
9.467624500911341057e-02,1.210380612725887431e+03,1.387833684862469674e+01,8.126786594202695824e+01
9.491839040744576295e-02,1.209507432699085939e+03,1.358593102689399679e+01,9.151335801601160824e+01
9.500168530514818688e-02,1.256797374337885913e+03,1.262144645444214675e+01,8.688075262055133408e+01
9.559651711723526901e-02,1.217384058237869795e+03,1.406656723082903859e+01,7.858785634853154534e+01
9.615887035173693864e-02,1.253628619448503287e+03,1.509195522511500442e+01,8.236554219244037256e+01
9.671672488507683518e-02,1.406054693925228548e+03,1.589530567408240103e+01,8.877561516357063454e+01
9.748449590057448044e-02,1.358227153596898688e+03,1.736735999176579881e+01,7.586523834363288188e+01
9.829745392394657888e-02,1.287637757685535689e+03,1.868111213565494921e+01,7.806829551878800544e+01
9.853350519928941176e-02,1.317348259822013461e+03,1.734058092503576987e+01,8.226000177088985765e+01
9.863750762115827686e-02,1.365776792219972322e+03,1.593642781144685650e+01,9.091289511514651167e+01
9.894278973719106141e-02,1.384904883746785345e+03,1.552460594587116560e+01,8.823827479532124585e+01
9.908039382107632076e-02,1.404176875243749009e+03,1.476199214585295216e+01,9.204684362782738560e+01
9.908792421426401709e-02,1.334713306190493995e+03,1.364517381248489336e+01,8.842496917560316660e+01
9.906664837716357142e-02,1.266881709369085229e+03,1.274168499410287048e+01,8.774914281835712870e+01
9.904688123530733246e-02,1.161076795578550218e+03,1.203347435970818147e+01,8.877826387323128188e+01
9.902792634724241760e-02,1.108701506457088726e+03,1.157627968097048310e+01,8.071673962242968514e+01
9.900945640531567948e-02,1.064929016866846951e+03,1.105629179971992393e+01,8.790139714953204475e+01
9.899209932113751942e-02,1.050850367784066066e+03,1.041907479020735749e+01,8.942810018730310162e+01
9.897534587671101558e-02,1.014614396437669370e+03,1.000445191271600898e+01,8.376823759676254610e+01
9.895882212766733688e-02,1.087646458549031422e+03,1.000397237015852170e+01,8.751148973159257594e+01
9.894184639127323599e-02,1.076492727513373666e+03,9.996222676915531125e+00,8.454831041214623610e+01
9.892527311420980241e-02,1.049913020185929327e+03,1.022832997093280127e+01,8.282488141281875471e+01
9.890854919124825173e-02,1.022426190230240763e+03,9.980549589300121482e+00,8.211174887604752826e+01
9.889223667902660719e-02,1.063737374065279255e+03,1.008414027036610250e+01,8.473255129156783028e+01
9.887529593403128481e-02,1.063934810801874164e+03,1.001461919464628991e+01,8.277479244391459190e+01
9.885871520638664367e-02,9.988380063186300504e+02,1.014790207752465356e+01,8.498741336534953916e+01
9.884235001889987715e-02,1.050914716074390299e+03,1.000111413242171388e+01,8.747124864758414731e+01
9.882548904880335272e-02,1.043248319252743840e+03,9.994284314771315181e+00,8.478351000307900165e+01
9.880885655276727686e-02,1.064373581658682951e+03,1.000125958230955625e+01,8.831210596793444267e+01
9.879190404763495137e-02,1.044784848963745162e+03,9.991877000234559603e+00,8.613059352253655732e+01
9.877536174062144514e-02,1.108893708746169750e+03,1.000136582062031998e+01,8.820930937267915795e+01
9.875874618555685602e-02,1.092210282608246416e+03,9.973291212781639103e+00,8.579029265967157869e+01
9.874246677420271678e-02,1.105860862897430707e+03,9.990761825386234918e+00,8.886216947379159592e+01
9.872544760922877249e-02,1.111381719660668296e+03,1.028357948130023125e+01,8.905094404018744569e+01
9.870893219166716748e-02,1.107326002810271575e+03,1.003436779194149864e+01,8.314084473470202852e+01
9.869227376619368886e-02,1.131469306187715347e+03,1.000282212456652253e+01,8.438297631470690874e+01
9.867562871593919815e-02,1.211577500447209786e+03,9.995607621759260653e+00,8.395252572241082589e+01
9.865878676227109179e-02,1.270211308827742641e+03,9.983779251150679102e+00,8.668036273281111903e+01
9.864244577377752343e-02,1.219105991328709706e+03,9.988804836403113896e+00,8.489797711789064749e+01
9.862571925721408395e-02,1.225447861046053276e+03,1.002230295345430022e+01,8.209909007432726469e+01
9.862237678616092573e-02,1.316951837062889354e+03,9.982268859708289810e+00,8.794000210758751734e+01
9.870394068471315119e-02,1.278851933465553657e+03,1.010375112326117275e+01,8.852354359829463704e+01
9.891461276851508388e-02,1.316431982251334603e+03,9.986908613090548670e+00,8.858679733206793117e+01
9.940523017437713493e-02,1.346725008516732032e+03,1.053012442430638451e+01,8.778854825032898646e+01
1.001042180338613252e-01,1.273729693512356789e+03,1.216384631546769057e+01,8.651550046278121897e+01
1.009485329387434099e-01,1.155414814561489948e+03,1.401379837408679485e+01,8.255656386051371953e+01
1.018834431717111216e-01,1.131995222746633090e+03,1.587414194281751278e+01,7.890379543625117265e+01
1.029510661849613457e-01,1.104861044784090836e+03,1.804194211152267968e+01,7.521180499583100243e+01
1.040150814366821996e-01,9.618814521670485647e+02,1.959386637869762282e+01,7.567616118240664491e+01
1.049650543542870046e-01,7.923868095858631477e+02,2.006112313068161512e+01,7.372232506407819130e+01
1.055747259834285828e-01,8.390920849579855485e+02,1.888877635374068120e+01,8.355147063094402426e+01
1.063818852942330917e-01,9.505648799498417247e+02,1.948395241019512270e+01,8.150435711208635325e+01
1.067288752793151968e-01,1.096044361892004190e+03,1.753292718777980497e+01,9.074702238047788683e+01
1.072036348682170459e-01,1.189679821913878641e+03,1.661711433206309962e+01,8.608806398805656102e+01
1.074010346698024143e-01,1.328643935486792088e+03,1.471568224811179171e+01,9.171589992723133378e+01
1.078985736829847775e-01,1.308030658104195936e+03,1.488535511490352370e+01,8.071133346071879089e+01
1.086426350075668096e-01,1.395517521169611882e+03,1.591713053907579400e+01,7.573819354200907128e+01
1.092090198790402894e-01,1.441686238151195539e+03,1.614995173010782281e+01,8.274344236459722879e+01
1.095726820521648603e-01,1.558402881672178637e+03,1.538577949363067354e+01,8.932581219888264457e+01
1.097524115253313004e-01,1.555758642099913232e+03,1.402370212066402999e+01,9.253339745835529584e+01
1.097698614768449904e-01,1.514265801666415882e+03,1.231941349357648718e+01,8.767397266798832334e+01
1.097496385135766223e-01,1.368519216796368710e+03,1.087317353450798763e+01,9.206429270074139026e+01
1.097304697882469093e-01,1.414071943764509570e+03,9.987453758936627679e+00,9.033125682678739565e+01
1.097123475459791803e-01,1.383080179169395706e+03,1.010079791801860338e+01,8.121271278519469661e+01
1.096940888810348097e-01,1.421092427306495438e+03,1.002686999280254199e+01,8.344741684618476540e+01
1.096757176793102945e-01,1.456259488058318084e+03,1.002375350194469483e+01,9.208723371250103185e+01
1.096572248875643113e-01,1.375454769650733169e+03,1.001536201653609481e+01,8.372665076786429950e+01
1.096387393110470759e-01,1.426595277011704184e+03,9.997384561259362812e+00,8.215542583137074928e+01
1.096203549453587944e-01,1.340247322865372553e+03,1.000006420466594825e+01,8.621191418886414226e+01
1.096022531643975062e-01,1.405351462004185578e+03,1.000013997341896044e+01,8.295020638633700116e+01
1.095839513614324384e-01,1.326869968105716453e+03,9.984822559422269705e+00,7.924359778398140008e+01
1.095656434391981543e-01,1.407023804321198895e+03,9.974816143395042189e+00,8.215716573995436534e+01
1.095469144703888481e-01,1.430070245003892069e+03,1.002857376685606106e+01,8.566639815988438045e+01
1.095281792140735677e-01,1.450172029013424208e+03,1.001943703360080207e+01,8.818021563462370693e+01
1.095094532351519878e-01,1.354519251073871828e+03,9.984874715943309553e+00,8.507323587768996731e+01
1.094913487828530624e-01,1.398709808835062177e+03,1.000753061182028603e+01,8.281536837043626065e+01
1.094730637422899194e-01,1.393514328299709632e+03,1.002452224855084317e+01,8.303258403853041614e+01
1.094547370413637283e-01,1.386574914887447903e+03,9.985968678495716233e+00,8.369996522544015249e+01
1.094362893944796772e-01,1.408867277137633209e+03,1.002530289234911187e+01,8.353498641122436652e+01
1.094176019375308617e-01,1.438344982006543205e+03,1.001156629033857826e+01,8.686283266653960311e+01
1.093995822011212954e-01,1.451243675908344358e+03,9.990936304682351832e+00,8.714456167568455669e+01
1.093809517112632745e-01,1.416290948588168703e+03,9.975425709615045378e+00,9.050749140696821371e+01
1.093624879025769242e-01,1.358763148785305475e+03,1.001554328403164362e+01,8.631670236049305345e+01
1.093438184317739592e-01,1.388379746440658664e+03,1.000716036668405984e+01,8.752779140058621010e+01
1.093253444390630130e-01,1.406061660517527571e+03,9.977269642043841813e+00,8.461947076598411854e+01
1.093071162205894870e-01,1.459963275407566698e+03,1.003562219278422418e+01,9.249562081264758717e+01
1.092883794118979235e-01,1.382214965025003266e+03,1.003923096816208727e+01,8.842291014320359466e+01
1.092875480881486533e-01,1.384431956890258562e+03,9.995112048434741325e+00,8.627810339996845812e+01
1.093662683162345411e-01,1.406143848717790206e+03,9.981343706947651384e+00,8.431300405715803947e+01
1.095963151924231882e-01,1.466140898377204167e+03,9.971270277054971487e+00,9.025084178920293709e+01
1.099367525464457901e-01,1.377708084775349334e+03,1.007633043431767206e+01,8.440256381386366513e+01
1.102456110060734268e-01,1.372951952913337891e+03,1.003554217252626302e+01,8.120225494875120376e+01
1.107312283405514630e-01,1.308593064336515909e+03,1.068761608173839406e+01,8.390329036412305186e+01
1.109921660943273963e-01,1.306910365850383187e+03,1.037535085656986134e+01,8.077333499034708097e+01
1.113029875501604787e-01,1.304774850914890521e+03,1.030648287344760661e+01,8.983146967648548298e+01
1.117206321805401664e-01,1.277883551148792321e+03,1.062293449129481360e+01,8.259773046141191344e+01
1.120087926117607768e-01,1.311634107907240832e+03,1.039317445175770516e+01,8.443820912829340841e+01
1.121856589709027685e-01,1.303044409493394596e+03,1.006423420118924206e+01,8.749532024201955949e+01
1.123941278143560929e-01,1.309989787766231757e+03,1.008603337725131333e+01,8.278499027193186066e+01
1.125913168965050476e-01,1.225508540556883872e+03,1.034058268395599711e+01,7.918686173988427868e+01
1.127303026018168786e-01,1.181244902062568372e+03,1.002289365505593821e+01,8.191333709439051347e+01
1.127930202379812674e-01,1.202531520305611593e+03,1.001629043740307168e+01,8.551032000903401809e+01
1.129878115058871868e-01,1.182083383245656478e+03,1.017648754745698092e+01,8.879647124141000347e+01
1.130830189109805206e-01,1.141900208689729197e+03,9.981150388698029730e+00,8.494726947581914089e+01
1.131513507177345640e-01,1.096791915417585187e+03,1.001341633021620581e+01,8.365108897670882016e+01
1.132785741074708724e-01,1.087858127173932189e+03,9.993135717151803377e+00,8.520881926327788847e+01
1.132878652290247867e-01,1.100413013310359929e+03,9.990435033203493020e+00,8.605561296209567956e+01
1.133768683472303751e-01,1.022495705650728155e+03,9.991310229527877951e+00,8.322588301795920529e+01
1.133809475184960197e-01,9.928043966372612203e+02,1.002386294796048105e+01,8.093048754910000753e+01
1.133622698042627275e-01,1.059066567752582614e+03,9.987361340294818035e+00,8.103186040200559148e+01
1.133430147604652383e-01,1.056553855486861949e+03,9.974457280606506160e+00,8.456050891384902002e+01
1.133241215560440301e-01,1.094618437854066997e+03,1.000382916950808898e+01,8.502255668074843697e+01
1.133049553842560703e-01,9.855799995845006833e+02,1.001027700026026857e+01,8.446798188788027062e+01
1.132856225822790469e-01,1.109285096902871601e+03,9.996062504620056188e+00,8.561862191005806721e+01
1.132664700629545523e-01,1.085342595640945319e+03,1.002198064865621596e+01,8.365559572668905730e+01
1.132474062005549703e-01,1.080855411242049513e+03,1.001747461184668353e+01,8.606531912105677407e+01
1.132280821496281925e-01,1.000937666759705508e+03,1.002533985015342566e+01,8.331632130375193412e+01
1.132091656219663817e-01,1.033766810535547847e+03,9.987214514003344590e+00,8.165846988705796150e+01
1.131902780203604963e-01,1.113769388697714476e+03,9.990042615176504270e+00,8.748557364889224175e+01
1.131715642815894762e-01,1.087161775884873578e+03,9.975010144020020064e+00,8.458266021173169236e+01
1.131527962594014031e-01,1.090089587331457778e+03,9.982015790669791500e+00,8.169381428403737289e+01
1.131336515078615046e-01,1.069398812704812372e+03,9.987957555989005698e+00,8.748724343308870743e+01
1.131145548086153890e-01,1.098027607263158870e+03,9.997592238798365116e+00,8.397264523746004272e+01
1.130953256387954853e-01,1.104202644144362239e+03,1.002736698379328040e+01,8.884700138664466351e+01
1.130761787704524512e-01,1.077583408586261385e+03,9.978559934085483363e+00,8.374015388597345577e+01
1.130572470472782504e-01,1.143164327539995384e+03,1.003573713348847285e+01,8.576254525629994419e+01
1.130384233093079949e-01,1.085452574632480264e+03,1.003924507708426184e+01,8.102374248330217199e+01
1.130192015872201056e-01,1.055945768118203659e+03,9.971879858796096840e+00,8.542438177726263859e+01
1.130004745336488786e-01,1.171075510100029760e+03,9.977155826990996346e+00,8.781691345239417501e+01
1.129817592497140005e-01,1.063253707381318691e+03,9.997786169771336162e+00,8.011085480114385859e+01
1.129625650494529981e-01,1.118022973595754820e+03,1.002938472138395731e+01,8.474845925485882958e+01
1.129435072393068784e-01,1.117707339138703219e+03,1.003140613032108419e+01,8.262470954966791226e+01
1.129247330123725329e-01,1.157773414962300876e+03,9.989197402284661464e+00,8.705499812098928203e+01
1.129057319361064238e-01,1.117581232523747076e+03,9.959053775724092006e+00,8.597460442345126808e+01
1.128868950941462751e-01,1.168339993059141307e+03,1.000273856671819139e+01,8.721074913907163761e+01
1.128683177715966157e-01,1.124779475572196816e+03,9.974581589397567782e+00,8.919612334545418264e+01
1.129812162376779422e-01,1.108771789698626435e+03,1.003779359769636059e+01,8.792069593390013438e+01
1.131154392134807035e-01,1.181192905527239873e+03,1.005305271662778388e+01,8.869514570424902900e+01
1.132799763635092549e-01,1.193996480745122653e+03,9.980175224193686745e+00,8.798602153857262920e+01
1.134660602270525093e-01,1.238866292016607758e+03,9.957806122424898376e+00,8.742156510488209165e+01
1.136351162252410979e-01,1.300382228050872754e+03,9.978538346797259706e+00,8.803331529433266667e+01
1.140263789415134066e-01,1.340385529601629287e+03,1.005016172282029707e+01,8.657878182174336246e+01
1.145537783607568916e-01,1.343377227171635241e+03,1.062263518215269364e+01,8.136680916681252995e+01
1.148326125117974106e-01,1.456469248153030776e+03,1.006496646794033012e+01,8.912501609252754520e+01
1.154673554914524281e-01,1.416252314708160611e+03,1.135154916228177235e+01,8.259830019175728921e+01
1.159923904591981664e-01,1.421320693548389954e+03,1.173839886714269021e+01,8.455514206380374276e+01
1.164379060493997697e-01,1.603004589319242314e+03,1.177560339654838018e+01,8.260774332871693559e+01
1.170053226715639799e-01,1.616170518078485202e+03,1.232170769537773580e+01,8.678156575618268675e+01
1.178264260120243656e-01,1.641249110287318217e+03,1.384997869859391528e+01,8.007657707825752880e+01
1.186015522867406996e-01,1.455666294252518583e+03,1.479971756423710794e+01,7.630138486549951438e+01
1.193369922589350290e-01,1.615680498748144146e+03,1.534264899649290648e+01,8.608978070553627049e+01
1.196751929110627805e-01,1.476847278727572302e+03,1.408592513245940836e+01,7.977061474731959834e+01
1.199523703039348382e-01,1.618423651362593318e+03,1.310229411301481584e+01,9.081497127630667876e+01
1.202088619831221117e-01,1.617729197404611341e+03,1.223973864975733683e+01,8.412096633145337421e+01
1.203594374946403422e-01,1.533908424690150923e+03,1.135044915046779757e+01,8.476774028123672622e+01
1.204068292170183130e-01,1.506661991291894992e+03,1.031821218652972227e+01,8.824433982092043038e+01
1.204095372406584347e-01,1.453953902678214263e+03,9.994696054082192305e+00,7.880471405130658979e+01
1.203888310058174593e-01,1.524319008196191135e+03,9.992473947973035564e+00,8.039591509593553553e+01
1.203680205855056501e-01,1.475147843205150366e+03,1.001582011091466917e+01,8.808863084966785095e+01
1.203475631012322078e-01,1.166034467936854298e+03,1.001144639569604777e+01,8.302129815887730047e+01
1.203272172834374959e-01,1.124812050451333334e+03,1.002751797149008794e+01,8.850972019429440252e+01
1.203071068428020612e-01,8.703032836512541053e+02,9.981987216563450005e+00,8.396451003417929826e+01
1.202863909326339908e-01,8.529224318982785462e+02,1.002826133861952762e+01,7.996677576204557170e+01
1.202658848812523384e-01,8.723780307664584370e+02,9.985575662103384431e+00,8.497157589469522065e+01
1.202456484617493437e-01,9.182932755852244782e+02,9.987034219666862001e+00,8.804857566192181650e+01
1.202258259645141159e-01,8.749352814370258784e+02,1.003504462199166092e+01,8.157423339183922906e+01
1.202051993926213369e-01,9.075786405083675845e+02,9.971686148614887557e+00,8.664670971119807064e+01
1.201846106661525054e-01,9.160600164298833761e+02,9.980906789363364950e+00,8.382600762670276140e+01
1.201644148686518698e-01,8.939712960788936016e+02,1.001768461799429488e+01,8.511531106206774666e+01
1.201442726293274893e-01,8.730466729574816327e+02,9.990849660094960782e+00,8.097174071927886985e+01
1.201237206218224995e-01,9.510092966956453893e+02,1.001888455215312135e+01,8.504414661145774801e+01
1.201031557733999861e-01,9.297928030548195011e+02,9.988040403271970291e+00,8.306133504522831856e+01
1.200828471856817264e-01,8.903510844730961935e+02,9.964713202326368702e+00,8.640328362769143666e+01
1.200630474742704068e-01,9.062855948412719727e+02,1.001682181013885931e+01,8.855975981487057425e+01
1.200424936586930308e-01,9.314831474931775119e+02,1.003546910100026857e+01,8.761969197516175711e+01
1.200222347818103302e-01,9.474441908862223727e+02,9.991946770626785934e+00,8.481599652518912080e+01
1.200022105384086907e-01,9.812151908382527381e+02,9.960132597748506456e+00,8.580735130384816500e+01
1.199824600459704071e-01,9.675598889887680798e+02,1.003228883238092273e+01,8.696479892513366394e+01
1.199619402920060196e-01,1.054501132168733420e+03,9.999556063291425545e+00,8.925811869904970308e+01
1.199421467903196564e-01,9.836431554422723593e+02,1.002400465416515907e+01,8.251306557623428262e+01
1.199218287156818136e-01,1.030046053039550998e+03,1.002766387967234074e+01,8.164785954497199327e+01
1.199011419853013433e-01,1.027479958902000590e+03,1.000075439501334174e+01,9.086216484754241662e+01
1.198807946842133931e-01,1.071632719994436229e+03,9.973022435165717070e+00,8.489723098289668712e+01
1.198608411380277655e-01,1.027899206306982251e+03,9.978799916097878864e+00,8.382351508856710609e+01
1.198577222214587817e-01,1.199076905627873430e+03,1.002488747469937813e+01,8.534319051555250724e+01
1.198896431145011349e-01,1.178701461669261562e+03,1.000496157511714124e+01,8.770327819385047974e+01
1.199777837512321366e-01,1.164925165550481779e+03,1.001459755998483203e+01,8.470159787856644584e+01
1.204248722977132730e-01,1.263760756120842643e+03,1.059967206928398120e+01,7.838258847704742038e+01
1.210033035518364442e-01,1.262933084712748723e+03,1.114190244623157966e+01,8.679676442283171411e+01
1.215956786276806839e-01,1.251322682695385765e+03,1.169006466731074312e+01,8.248273705580157866e+01
1.223702649880244880e-01,1.242437333645149920e+03,1.318348683195896776e+01,8.153227316331367547e+01
1.233720935612329928e-01,1.230430116413607266e+03,1.550192691997127170e+01,7.645050093286909032e+01
1.237945157888834524e-01,1.375859994726054992e+03,1.440617822085339483e+01,8.387083781799441340e+01
1.245112099671401018e-01,1.475518380066673672e+03,1.484329564284945846e+01,8.368037381533045505e+01
1.257084817958185885e-01,1.509792554059716622e+03,1.754419106777322668e+01,7.930840324889942394e+01
1.264767552085396540e-01,1.576907779363832788e+03,1.724766830840299647e+01,8.330703563225787889e+01
1.267266223706667028e-01,1.620240440714565693e+03,1.500233181252746739e+01,9.683686596251220635e+01
1.270412286202679264e-01,1.544162199229959469e+03,1.358726013562810131e+01,9.011455611829805434e+01
1.274588059809521334e-01,1.549128347879914827e+03,1.315484543553922947e+01,8.664343010160598624e+01
1.277214241265769712e-01,1.591866582204711676e+03,1.226287279446333223e+01,8.669393965557732429e+01
1.278871408060349713e-01,1.447886641241945426e+03,1.115654061672857722e+01,8.414419479981310701e+01
1.280346662478928366e-01,1.642144818413509711e+03,1.023103820163855282e+01,9.367686835778276588e+01
1.281992637414769154e-01,1.489829892819142060e+03,9.984048356095120980e+00,8.089126190762661395e+01
1.282189805998758259e-01,1.559763136976936494e+03,9.995137795552329507e+00,8.687630444258303442e+01
1.282288763762394479e-01,1.328870704563720665e+03,9.988105528077827699e+00,8.484015133554186150e+01
1.282072885755552449e-01,1.128962974328045675e+03,1.002027023715194254e+01,8.568761886973106812e+01
1.281853524615297890e-01,1.006777910677912701e+03,1.003403761352194401e+01,8.423170957069386589e+01
1.281639036487920436e-01,8.801940025690053062e+02,1.003518009527769550e+01,8.320887623776569342e+01
1.281426269548933128e-01,9.591373027417639605e+02,1.003010102360062028e+01,8.541838642632811229e+01
1.281208352507349491e-01,8.939459701471633934e+02,1.002825789142229773e+01,8.777996057013341158e+01
1.280991231507437045e-01,9.048021817321671278e+02,9.984392746694510379e+00,8.468800154836758054e+01
1.280776722577496030e-01,9.531376519749024965e+02,9.985376473399449893e+00,8.359518053599953191e+01
1.280565745170424707e-01,9.429646639939130637e+02,1.000605438936271518e+01,8.625960898913228903e+01
1.280344919168688034e-01,9.667711519517787337e+02,9.979168285752097134e+00,8.521580315159685881e+01
1.280125721440345254e-01,9.512711076472315881e+02,1.000678162610386579e+01,8.612440103081060272e+01
1.279908152222543338e-01,9.709820643006687533e+02,1.004774775189158653e+01,8.417372159784351027e+01
1.279692305070418423e-01,9.563491306999778772e+02,9.979377206506779174e+00,8.329859185396220767e+01
1.279475607792489034e-01,9.447252052408165355e+02,1.003081161079364492e+01,8.430310945978185089e+01
1.279260770028739502e-01,1.000760272920368493e+03,9.979293397476430627e+00,8.197893022407949104e+01
1.279041876299197855e-01,9.557025541246074454e+02,9.978379035954562326e+00,8.185019912744384385e+01
1.278821902521546650e-01,9.599755232907625668e+02,9.996097927490227519e+00,8.148049642091693556e+01
1.278608762164618606e-01,9.899874061561542931e+02,9.989984423416540693e+00,8.213213704784301683e+01
1.278388811796690172e-01,1.056665815178283538e+03,9.977631800700212494e+00,8.555931904781368758e+01
1.278168620265318356e-01,1.092063672415349401e+03,9.967509080473700323e+00,8.604801717893407442e+01
1.277950010532735436e-01,1.213017782028672855e+03,9.967368139273045102e+00,8.695129485206750530e+01
1.277733239127641363e-01,1.169379406400833432e+03,9.978902551343074023e+00,8.504667531572347627e+01
1.277514857929233361e-01,1.217222141177828235e+03,9.988183064791225974e+00,8.100542933745586538e+01
1.277304195198095405e-01,1.360637918020913048e+03,1.002724794753987325e+01,8.434833478655257011e+01
1.277086940649660718e-01,1.328457421803627312e+03,1.003450763638547372e+01,8.184036735754808944e+01
1.276869992930071696e-01,1.367798082340900237e+03,1.005448771359886528e+01,8.086131269672266342e+01
1.276656719817515773e-01,1.403736620940966304e+03,1.000901049052926517e+01,8.417902421038701277e+01
1.276473580341328518e-01,1.519904218127490822e+03,9.974191060158217326e+00,8.702448798696467236e+01
1.277625960672947869e-01,1.445565988896810950e+03,1.003978978724226323e+01,8.365336495348259405e+01
1.280466164070700463e-01,1.465175801010026589e+03,1.002377685045206945e+01,8.803478470680026646e+01
1.285289665583543295e-01,1.396162810886030456e+03,1.019276774813456932e+01,8.313795953876743283e+01
1.291979588605803031e-01,1.476270845081309290e+03,1.117876043294217503e+01,8.318561081994432982e+01
1.300052346480042031e-01,1.463578092431855794e+03,1.271334911098720255e+01,7.773100293260246474e+01
1.309945000063276188e-01,1.408444210479824960e+03,1.446797471387276168e+01,7.844915786063344854e+01
1.320736002620863936e-01,1.470025896587513898e+03,1.633739281348191241e+01,7.435542824734768885e+01
1.332527424030329477e-01,1.427946531266963802e+03,1.831927018926092998e+01,8.352029894962682022e+01
1.344593496091746887e-01,1.169631935086835256e+03,1.974044020445438008e+01,7.727249494369272043e+01
1.355652519692589486e-01,8.594858430676845273e+02,2.006114350606962304e+01,6.658554367083006298e+01
1.365753366020283632e-01,6.748256929054467719e+02,2.005474673427992371e+01,6.872610385681102230e+01
1.374925261112948383e-01,5.779676499681727364e+02,1.998534565680739661e+01,6.714611761343154228e+01
1.383653770265993177e-01,5.561404760178015749e+02,1.994216945242462558e+01,6.589967921919649996e+01
1.391401485652177528e-01,5.814170764839540197e+02,1.970337075986711994e+01,6.713600917245364030e+01
1.399503216256013927e-01,6.172259043372325777e+02,2.011302726168753452e+01,6.833471381321282934e+01
1.406234523692077021e-01,6.866507095194925796e+02,1.983694111371051960e+01,7.942262976855370482e+01
1.411930399387043011e-01,8.383277689144049418e+02,1.884683054093338939e+01,8.454238356218540673e+01
1.414674660539388396e-01,1.035964590549309150e+03,1.680606157468208650e+01,9.071544541641121384e+01
1.417219588538642661e-01,1.139288623446658221e+03,1.518129472481076192e+01,8.807978819245711577e+01
1.418622002118713477e-01,1.333435798411109090e+03,1.370374729735885744e+01,9.080673578752858077e+01
1.418805110413488002e-01,1.422261113431484773e+03,1.209263455811161236e+01,8.909089224229357740e+01
1.418536704936391724e-01,1.335700623008624916e+03,1.062070817695653346e+01,8.741556258142333036e+01
1.418292737013686911e-01,1.352895829868948113e+03,9.985251892169145549e+00,8.573589766854770744e+01
1.418050851362746001e-01,1.406950965131339672e+03,1.007559621616336187e+01,8.085655654027716821e+01
1.417806779339882695e-01,1.417394925894840526e+03,1.002196840481486007e+01,8.870041023039365768e+01
1.417564619953030070e-01,1.450528334797851358e+03,9.994226078806390134e+00,8.526484316207150016e+01
1.417320967506646989e-01,1.530380774762460760e+03,9.993403959216887955e+00,8.031062716010036695e+01
1.417078035390620661e-01,1.581558685144263791e+03,1.000575712108543769e+01,9.004921658591833022e+01
1.416840231948670870e-01,1.529552047889897267e+03,1.001942857704008816e+01,8.798362814589340530e+01
1.416597973542516042e-01,1.622815736047991777e+03,9.974831926349406075e+00,8.960211815298838189e+01
1.416359651740568271e-01,1.606688658284194389e+03,9.971611840321692455e+00,8.805739861394964407e+01
1.416125367825649684e-01,1.517443191490486697e+03,1.002212307988931883e+01,8.756298774720104916e+01
1.415885367829953501e-01,1.443081346614258337e+03,9.998049465235455457e+00,8.453177008839298878e+01
1.415647888371501240e-01,1.555098246702570805e+03,1.002531285575132358e+01,8.330567099147020826e+01
1.415404083411075653e-01,1.638548365646909133e+03,1.002133893421027722e+01,8.793412772657511312e+01
1.415170550496482049e-01,1.493034648069276273e+03,1.000814798931026672e+01,8.273130814302427893e+01
1.414926340771341939e-01,1.618620513077855321e+03,1.003434808413781099e+01,8.753012894084403683e+01
1.414691012281114324e-01,1.443150236865593797e+03,9.968023701833157446e+00,8.102997066690934957e+01
1.414457876177366569e-01,1.564812460485334441e+03,1.000505639545767345e+01,8.660901500557473298e+01
1.414219059070095375e-01,1.558379942333822328e+03,9.966142896887767222e+00,8.218773904608093517e+01
1.413980831338640387e-01,1.522757370418741857e+03,9.993868404464334887e+00,8.319822694582816780e+01
1.413739885803935448e-01,1.554450907884117441e+03,1.000248108369951971e+01,8.786975653040114764e+01
1.413495800176123030e-01,1.522717153397452648e+03,1.001429816431209474e+01,8.301408827404523549e+01
1.413252699173941085e-01,1.568926279557587577e+03,1.001828231354872933e+01,8.338932488211196414e+01
1.413018518949316904e-01,1.400656364310296112e+03,9.970313860318679389e+00,8.067753163880414036e+01
1.412776952731415459e-01,1.530415803215849337e+03,1.000805423411809514e+01,8.965631550151978502e+01
1.412542424016280107e-01,1.485898677154970983e+03,9.969717805946757494e+00,8.393090152933150705e+01
1.412303775877461753e-01,1.562244951650622397e+03,1.002148057558297545e+01,8.310226045537912398e+01
1.412669157914083762e-01,1.531240634367725534e+03,9.981103774489865188e+00,8.414332089679362525e+01
1.413146560060753176e-01,1.422778747986779081e+03,1.001411880624961093e+01,7.905842574223142094e+01
1.413392241399297755e-01,1.489374163951063338e+03,1.000224982982639155e+01,8.284344243367095828e+01
1.413640902178310843e-01,1.422185351992580308e+03,1.001552866325570967e+01,8.166893049721875286e+01
1.414856224071814883e-01,1.536352216573662645e+03,1.002260410531182266e+01,8.671311862018806949e+01
1.416114605525860271e-01,1.475246001782696794e+03,1.005214564027333779e+01,9.029841548520280980e+01
1.418118888730959537e-01,1.456760155545651060e+03,1.002169009161236168e+01,8.619146673979297191e+01
1.419506488179098636e-01,1.316438561470136392e+03,9.984832168974511646e+00,8.169757314961790939e+01
1.420648796992524387e-01,1.383823944373081531e+03,1.000568116268897256e+01,8.323819816798639692e+01
1.422044402354550596e-01,1.397438552017788197e+03,9.986947075432077270e+00,8.286529591869313549e+01
1.424772253049064741e-01,1.268947455119357073e+03,9.980368597307480272e+00,8.647837749615554515e+01
1.427665765692427147e-01,1.271380639921189413e+03,9.968262558303823795e+00,8.071023011231120847e+01
1.432523632241115563e-01,1.256207955178825841e+03,1.086891318738523537e+01,8.070151411170104438e+01
1.436370831376260759e-01,1.237826977010913424e+03,1.130280936900661182e+01,8.565472483818977878e+01
1.444009006266246120e-01,1.352098800265120644e+03,1.360172849476911594e+01,8.229672990705380187e+01
1.448812301463417718e-01,1.261485851616904029e+03,1.387759578360534896e+01,8.195096293581180191e+01
1.453474620272234008e-01,1.347974264995345266e+03,1.417322530552629622e+01,8.716236798900590088e+01
1.456537697268928677e-01,1.394108420516071419e+03,1.347510198111945989e+01,9.131664654364104194e+01
1.461039423200195808e-01,1.266815469018864633e+03,1.382573251718976159e+01,8.153104078846025971e+01
1.463467902636561013e-01,1.325058443008139648e+03,1.324118165686395976e+01,8.747833904525825233e+01
1.463612883816224342e-01,1.291200422535288681e+03,1.200185370599892565e+01,8.472454132249086456e+01
1.463341036677019424e-01,1.318339564595337606e+03,1.081473237105960550e+01,9.101387753032625483e+01
1.463090663462841834e-01,1.287583577177702637e+03,1.004819179483460978e+01,8.848189133437918485e+01
1.462848375261639744e-01,1.286872104045846072e+03,1.001364025390348722e+01,8.510464419375058753e+01
1.462597842345577659e-01,1.296697510281864425e+03,1.002798464301211645e+01,8.095022789257457418e+01
1.462353310667735828e-01,1.312255192287183263e+03,9.976545920157990466e+00,8.901000982981882714e+01
1.462103358580401358e-01,1.283941094462676574e+03,9.968034632602373435e+00,8.726288325271811175e+01
1.461860099691947579e-01,1.328460874826228064e+03,1.009088001561476666e+01,8.431205264587858039e+01
1.461608543291451623e-01,1.373987200515366567e+03,1.003293015504777941e+01,9.254368046486466426e+01
1.461358595237057245e-01,1.462833104656293699e+03,9.983324737541996896e+00,8.812321361507747497e+01
1.461106550098177081e-01,1.422912134694683573e+03,9.985564827198798454e+00,8.676309511366376626e+01
1.460857641034069010e-01,1.373320473885602723e+03,9.983139488554618524e+00,8.738790186475969790e+01
1.460611316250685354e-01,1.400213058362748598e+03,1.008075864431728874e+01,8.617374978106488470e+01
1.460359432168174820e-01,1.404207641225147881e+03,9.979430616312763291e+00,8.653798516343645986e+01
1.460112210484948714e-01,1.474940950242215195e+03,1.018999642329441357e+01,8.330951511204078486e+01
1.459861742697123044e-01,1.444747324785224009e+03,1.002229225703099225e+01,8.881233088894921934e+01
1.459618723856237477e-01,1.313471947460930096e+03,9.962994596290997151e+00,8.188943854801016187e+01
1.459375844938342881e-01,1.395316059491683973e+03,9.955933197108580046e+00,8.383920513003134545e+01
1.459134700648286598e-01,1.430891595550507418e+03,1.003643743585067405e+01,8.283561374863715798e+01
1.458890728478337007e-01,1.409107796161564693e+03,9.983462042467596831e+00,8.323505548678784294e+01
1.458643529050334953e-01,1.421699329164919391e+03,1.005310290018616648e+01,8.602733346505132772e+01
1.458393791310360621e-01,1.444781511158002104e+03,9.961967375921597423e+00,9.119265541450184287e+01
1.458142274401120209e-01,1.410910521002741007e+03,1.004210100919534554e+01,8.094025039450711745e+01
1.457898476426595369e-01,1.369193611248894513e+03,9.958245908403544178e+00,8.275048511109746130e+01
1.457658031857249070e-01,1.476152114522539478e+03,9.944236669513253801e+00,8.673598642811707293e+01
1.457415203860577546e-01,1.528094235216674633e+03,9.993265869840421090e+00,8.976183668217463207e+01
1.457173380737085688e-01,1.497288702135803987e+03,1.005642448697268421e+01,8.675069498377033028e+01
1.457131389482860251e-01,1.627918538430896433e+03,1.005416429383791765e+01,8.890562927155575323e+01
1.459067490503564712e-01,1.600413771099715632e+03,9.986457593781938868e+00,8.344943848118154506e+01
1.460657049455072187e-01,1.623705083204458106e+03,1.005136982946773117e+01,8.859985679872880837e+01
1.463711133160530420e-01,1.629703441428288443e+03,9.980268376610220926e+00,9.011645552576443663e+01
1.471267351997119499e-01,1.665497846350426471e+03,1.166609744388809844e+01,8.514268225367393939e+01
1.477467545903087542e-01,1.616747998516730604e+03,1.247288441833860162e+01,8.094461971126939659e+01
1.483073276995006129e-01,1.610481793999035062e+03,1.305638537582753322e+01,8.590143031971607002e+01
1.489283878188510102e-01,1.577279830684190529e+03,1.383731202643140534e+01,8.488356257801629567e+01
1.495609731130500830e-01,1.616635590156388162e+03,1.417234927311258375e+01,8.673202835504214647e+01
1.504799776897101649e-01,1.638395984580701906e+03,1.611235058229428674e+01,8.224936026026783509e+01
1.513096168656253016e-01,1.597067529443222611e+03,1.672843996616458995e+01,8.353382783493580632e+01
1.521169951441429802e-01,1.599332124906235549e+03,1.716476188051986540e+01,8.649221587553550705e+01
1.529921471916604880e-01,1.600043728189997864e+03,1.793680234840232757e+01,8.602529947718606707e+01
1.539547229029133990e-01,1.501155578804253537e+03,1.857222290282761179e+01,7.792885288389837228e+01
1.548808041726848495e-01,1.599475344955577384e+03,1.906170507354963206e+01,7.795564424952881666e+01
1.554188369472506992e-01,1.611837975644951030e+03,1.742189565931979089e+01,8.379079452075824008e+01
1.557071417128172153e-01,1.298976755434483266e+03,1.527846352889862480e+01,7.648112930067604509e+01
1.562532466817099508e-01,1.344051652963698416e+03,1.510652160136548261e+01,8.699626579068963395e+01
1.565324121459153450e-01,1.356648219973950745e+03,1.389208554325058209e+01,8.567841548029342391e+01
1.569611604916833492e-01,1.456228291816838009e+03,1.366789427446468963e+01,8.801278547663495999e+01
1.572014546759411824e-01,1.408694153161857002e+03,1.290694047322926963e+01,8.552497578717432702e+01
1.572449910066727186e-01,1.496144224290853799e+03,1.157179455574070914e+01,8.224090109822630268e+01
1.572164495066800671e-01,1.379973176631894376e+03,1.024554845568751915e+01,8.502224060958721452e+01
1.571901398722230503e-01,1.378648989573157905e+03,1.001910893993034257e+01,8.934249299839137848e+01
1.571642064413899254e-01,1.326527908210215401e+03,9.973491701156707023e+00,8.493563076027898262e+01
1.571383635180123306e-01,1.405531823468793618e+03,9.989563680885032326e+00,8.541484082182290649e+01
1.571120219398476348e-01,1.367853744272241556e+03,9.983712577785160747e+00,8.799622444064185345e+01
1.570852156096116392e-01,1.334384531090481460e+03,1.002323350343610642e+01,8.948628761708127399e+01
1.570580487312785989e-01,1.368341004452898687e+03,1.003651400257897386e+01,8.317743958410814287e+01
1.570314254537539811e-01,1.408401173794685064e+03,1.001363720184035699e+01,8.209196121653317846e+01
1.570045976776833219e-01,1.396345052737915466e+03,9.981788416575652079e+00,8.957288133095669025e+01
1.569776453396654337e-01,1.327234261668585305e+03,1.001436429171148745e+01,8.565023356782812414e+01
1.569506960328000411e-01,1.398131652831233851e+03,1.000105337163817865e+01,8.154872505328482646e+01
1.569242661588393373e-01,1.398495832439470632e+03,9.989729695403473997e+00,8.463505748410324259e+01
1.568976064127750314e-01,1.370299235798206155e+03,9.982567162536593486e+00,8.628455691448024822e+01
1.568712946334712977e-01,1.407678630557126780e+03,1.003772903211916301e+01,8.878828124266948407e+01
1.568448945136792227e-01,1.356556130070091058e+03,1.003515097204150663e+01,8.359356320323583134e+01
1.568178441424321057e-01,1.424064260631145089e+03,1.000546125305387513e+01,8.828690848419395820e+01
1.567917874733479322e-01,1.343266204179072020e+03,1.028076784489945084e+01,8.663130458514693544e+01
1.567648929473514641e-01,1.485683391980279112e+03,9.968022015626662125e+00,8.762131674107284596e+01
1.567381645683842140e-01,1.294180235690037762e+03,9.981220355539207389e+00,8.210384817469069674e+01
1.567119062085425008e-01,1.356943075247268325e+03,9.955202596003847049e+00,8.403120247543493804e+01
1.566856616241827649e-01,1.307829988804709046e+03,9.979660615981570615e+00,8.350314725126663973e+01
1.566588853478748100e-01,1.318823999262201596e+03,9.970680272044603498e+00,8.292534898137549249e+01
1.566318991354183343e-01,1.358940539091632672e+03,9.978557711573795785e+00,8.940662843162560591e+01
1.566058217921085238e-01,1.370522580727365721e+03,1.000028951469053773e+01,8.651618463873930409e+01
1.565794544211008832e-01,1.409929097341499073e+03,1.003312123328641192e+01,8.271273758481324023e+01
1.565525138119298054e-01,1.418271596936212973e+03,1.002008366615293511e+01,8.473810522370992260e+01
1.565394319523587541e-01,1.452229624649434982e+03,1.003393639298813866e+01,7.975005668032356709e+01
1.565740320836268296e-01,1.524710750985124832e+03,1.000067222828659474e+01,8.301046921087367991e+01
1.568703139517597656e-01,1.597817905034488831e+03,1.006403071889148393e+01,8.367441719945662726e+01
1.574250212838910479e-01,1.601111625409298313e+03,1.101286405849722527e+01,8.509505772495386111e+01
1.581225500040313314e-01,1.448186284921993320e+03,1.230466919954588612e+01,7.868786100860978650e+01
1.589702479982547934e-01,1.500569077732149935e+03,1.409010757060148400e+01,8.021591652202425848e+01
1.599599624861973712e-01,1.241050440944190541e+03,1.632108754285323116e+01,7.782704792547569639e+01
1.610292022421045965e-01,9.395330636336657335e+02,1.819920788894864927e+01,7.725828389017839015e+01
1.620117014676346889e-01,6.884642654094166119e+02,1.944171457151879068e+01,7.453872453862682335e+01
1.629123582484528487e-01,6.091108480982841229e+02,2.030417122655538265e+01,6.502689054957171777e+01
1.637141007761259148e-01,5.330605940271651662e+02,2.033946690032366789e+01,6.070197778790577559e+01
1.645784562099460169e-01,5.255252414436939716e+02,2.004026724151923844e+01,5.664036793723358443e+01
1.651721062498489045e-01,5.231178918833840044e+02,1.805481737413397525e+01,5.926804685243541115e+01
1.659708733083898602e-01,5.151913190203007389e+02,1.886285692113712997e+01,5.756927874164878745e+01
1.667992433460842028e-01,4.969956592150490451e+02,1.994424247180936405e+01,5.487908396546608003e+01
1.674979603078861901e-01,5.196222373265502483e+02,1.932339685149493391e+01,6.092438337955608318e+01
1.682061630912201899e-01,5.698263761538440804e+02,1.938105866611269334e+01,6.452094255254486654e+01
1.688430576282823337e-01,5.759467302881010937e+02,1.914227293947826425e+01,6.933006395429562474e+01
1.694165915881813422e-01,6.104366940595531332e+02,1.821408775911518774e+01,6.744980129436203242e+01
1.698222560206576748e-01,6.820043584917825683e+02,1.705036835393893568e+01,7.213399675627115926e+01
1.701043174778640588e-01,7.244560239344755246e+02,1.561456954037170419e+01,7.966738847587932071e+01
1.701668824342836284e-01,7.430176974112540620e+02,1.365069014875261644e+01,7.653785474772806197e+01
1.701315910404475329e-01,8.087366801352361563e+02,1.211281995478585571e+01,8.346178521001084505e+01
1.700999888446834973e-01,9.041437398655635889e+02,1.088034600696613552e+01,8.556217416304428980e+01
1.700708382138846064e-01,1.044641751789905584e+03,1.009320916361344622e+01,8.599580465809442842e+01
1.700416871893574433e-01,1.207570100899491081e+03,1.000926410522881405e+01,8.974598596080700474e+01
1.700126885097253127e-01,1.225956455995996293e+03,1.003067139717930800e+01,8.233023797190226389e+01
1.699832793252557817e-01,1.274112050364700963e+03,1.019420679836479060e+01,8.237908311506035375e+01
1.699543509719176615e-01,1.381169874373935500e+03,1.001343306434819169e+01,8.507474446965223080e+01
1.699258676023246428e-01,1.297798197295965338e+03,1.004008352743271892e+01,8.180536186152173173e+01
1.698967287996604736e-01,1.333536777494441367e+03,9.998704074252216856e+00,8.373477766672502298e+01
1.698675206736757759e-01,1.391899322212877223e+03,1.002559651049883094e+01,8.853323954776332982e+01
1.698392833896679721e-01,1.456255685529755738e+03,1.000982818034722754e+01,9.222673665328072445e+01
1.698112996267830410e-01,1.365631078558193622e+03,1.001578900034066244e+01,8.661754960773653522e+01
1.697831303665472691e-01,1.407386003318659050e+03,9.972375507313662624e+00,8.474090451652963907e+01
1.697544190395192942e-01,1.389663436214067360e+03,1.000392084459941877e+01,8.984004502951441395e+01
1.697261887045553308e-01,1.389251365285001839e+03,1.002776674013516534e+01,8.501428155761870187e+01
1.696973843664991433e-01,1.451940421012458955e+03,9.973609698838098225e+00,8.661310825991678541e+01
1.696689452631536810e-01,1.352674275000249736e+03,1.002944425507196691e+01,8.209794044048659600e+01
1.696407148236246110e-01,1.355663012968445400e+03,1.002482021918194732e+01,8.624653964419785268e+01
1.696127981076293589e-01,1.379197704984930624e+03,9.995072889443973096e+00,8.253981065187682020e+01
1.695840962060457258e-01,1.364479497990956361e+03,9.999398538418107663e+00,8.377901062966228096e+01
1.695550059739916182e-01,1.367519930368238420e+03,1.000880656373706579e+01,8.578260084167123978e+01
1.695263870727231614e-01,1.415885072388944991e+03,9.997302029761666375e+00,8.612330364545466921e+01
1.694984849424571449e-01,1.418166213196587705e+03,1.003050107744372710e+01,8.714941737698718782e+01
1.694705307756567136e-01,1.443296188246321890e+03,9.980888203198464481e+00,8.401652272978900271e+01
1.694421888738116277e-01,1.436527839931760127e+03,9.984347833622750912e+00,8.684776625746651746e+01
1.694140609140266096e-01,1.475473462620031341e+03,9.966332783488642377e+00,8.370970183313055202e+01
1.694399644732792476e-01,1.342690132130667280e+03,1.002072868766403957e+01,8.105827099864163188e+01
1.696233144298829876e-01,1.458972316334381048e+03,1.001134953769525282e+01,8.475523077901542024e+01
1.697419291113193840e-01,1.472772209393925550e+03,1.001656559932489010e+01,8.169460036065632380e+01
1.699364541489421232e-01,1.477993507274935382e+03,1.000473520252363357e+01,8.491043253019091708e+01
1.701686673331398447e-01,1.439046978225620933e+03,1.017819700044067766e+01,8.391338146745404458e+01
1.704390192751598088e-01,1.515044876023654069e+03,1.056775279641956899e+01,8.451905871561757522e+01
1.707799895040953420e-01,1.580544396385152140e+03,1.115081190566207425e+01,8.166454105045525580e+01
1.711325283746154002e-01,1.645308376236536333e+03,1.176909273641090969e+01,8.106317381012398471e+01
1.716298334556813077e-01,1.577261138647286316e+03,1.262004434983914969e+01,8.161885978286582599e+01
1.722637770282210157e-01,1.547730308158509388e+03,1.374620656448820277e+01,8.532152072324835501e+01
1.730066794480977499e-01,1.592568317596836778e+03,1.535262276138096205e+01,8.241063121181053930e+01
1.739555967458644714e-01,1.311955347335242095e+03,1.703495013337949615e+01,7.169016748492211377e+01
1.748907860310023599e-01,9.641157606677238618e+02,1.860991365298052713e+01,7.002016372691950608e+01
1.757488381375864328e-01,7.318129186875814867e+02,1.932449241956100749e+01,6.746375692603797347e+01
1.766403575895235667e-01,5.930637557095934653e+02,2.082745087949484386e+01,5.762770178395427223e+01
1.775196088039367182e-01,5.236300742480399322e+02,2.164401202048315298e+01,5.493923782769903852e+01
1.782343456115387803e-01,4.951119987593476708e+02,2.077204918448054016e+01,5.418603903500950736e+01
1.787202206844333563e-01,5.567259611216594521e+02,1.877967851529675514e+01,6.146975763264033077e+01
1.793123634858807269e-01,5.483032082026634271e+02,1.861313100649431362e+01,6.241401421983835718e+01
1.795581492147730329e-01,6.204725621917807530e+02,1.697423824617733246e+01,6.712639581471383110e+01
1.796701822900188816e-01,7.008266125462882883e+02,1.557982244098985802e+01,7.353756087796315910e+01
1.796890116617043953e-01,8.322311489863269571e+02,1.451541151192526691e+01,8.283083133766942296e+01
1.796489017923607323e-01,9.638643787461386410e+02,1.358297919470541260e+01,8.808428048788636033e+01
1.796110814096354702e-01,9.525377369381668586e+02,1.278961581748140652e+01,8.443987160778760881e+01
1.795753561361846939e-01,9.927014704577891280e+02,1.215541613535611276e+01,7.930762462425576587e+01
1.795405741760875973e-01,1.063109494817930681e+03,1.157844896639702803e+01,8.104697448226431788e+01
1.795070126250965237e-01,1.106060705778218335e+03,1.116477723439269809e+01,8.237141121005261368e+01
1.794750533125347436e-01,1.073405429985396495e+03,1.076442365735566042e+01,8.553340448384862782e+01
1.794441296067189884e-01,1.079782281776442460e+03,1.041784320636318384e+01,8.716059829988741114e+01
1.794131374490554598e-01,1.062190719320592507e+03,1.008848676360963736e+01,8.928959815367151975e+01
1.793833958581612098e-01,1.069162879458137013e+03,1.005504281550870083e+01,8.501634086522695100e+01
1.793535539453183503e-01,1.065243991895155432e+03,1.000331596923500577e+01,8.401024460544131500e+01
1.793233747725452021e-01,1.069993220494622392e+03,1.000953035322951301e+01,8.388785163741577833e+01
1.792935989573719857e-01,1.075107620967743287e+03,9.991429813549885353e+00,8.365624908852277031e+01
1.792626306326991770e-01,1.070541763790031382e+03,9.993456175556872267e+00,8.640116599620239413e+01
1.792319806173283403e-01,1.090512029812799938e+03,9.987838027721087641e+00,9.039260463854400030e+01
1.792022244390246155e-01,1.116950483081923267e+03,1.000068057201385763e+01,9.308617643879649961e+01
1.791720284812364505e-01,1.081133909670521234e+03,1.001801173490601293e+01,8.294929497408737973e+01
1.791412997431319210e-01,1.105324406563601315e+03,9.989287130426991013e+00,8.702199197315279378e+01
1.791110645311927707e-01,1.110352904722912626e+03,1.001722990858392492e+01,8.476128262584614959e+01
1.790811310500687870e-01,1.043773659314261522e+03,1.004488957162753593e+01,8.239654671893576676e+01
1.790502963758006938e-01,1.062823194059880507e+03,9.981978810909696520e+00,8.103923791430185020e+01
1.790204183396361393e-01,1.128429900992639887e+03,1.000728080758564076e+01,8.709901310435679989e+01
1.789908729041287394e-01,1.089309729067342005e+03,1.000989201254120964e+01,8.303043129819911883e+01
1.789600311867204363e-01,1.151191980106415485e+03,9.997031773965755264e+00,8.249012175468881480e+01
1.789297042724825038e-01,1.177810432201442154e+03,9.985908681905362627e+00,8.364831963550541616e+01
1.788998470274614783e-01,1.147918124191086008e+03,1.001265778341265467e+01,8.368820258539818724e+01
1.788695572952892221e-01,1.259125752893586423e+03,1.012899822046927945e+01,8.681374503187376490e+01
1.788801011939654684e-01,1.241996956360223749e+03,1.010825010729391416e+01,8.430447450249899077e+01
1.790265204742879923e-01,1.314493174956933899e+03,1.029529702414050796e+01,8.260408488476186051e+01
1.792026318687507669e-01,1.399201832634345919e+03,9.996059743239273487e+00,8.763071649304390576e+01
1.794842640373545961e-01,1.381035960003033097e+03,1.024808974750742507e+01,8.375130071623422623e+01
1.799810061568718200e-01,1.459702995429318435e+03,1.135880779384463324e+01,8.301024806800715794e+01
1.807339551477218365e-01,1.510147715307126418e+03,1.343029504231723337e+01,8.642458815305506903e+01
1.815867813129575792e-01,1.495721999269230992e+03,1.548560513718316578e+01,8.317897714628439587e+01
1.825301062258421481e-01,1.556520383667832903e+03,1.727837930446283821e+01,7.893665487886279664e+01
1.835278064350456262e-01,1.472745564144305945e+03,1.917842516732444480e+01,7.787329700586870729e+01
1.842033018098697128e-01,1.270324592175401449e+03,1.916996863101576309e+01,7.955952830820832844e+01
1.847107668672283154e-01,1.361280122004472105e+03,1.871461067062193706e+01,8.503392550696688090e+01
1.852624169080551719e-01,1.468003512312060820e+03,1.860830016419675204e+01,8.396882202461229383e+01
1.857451970830643062e-01,1.412761726955189715e+03,1.834237470044213580e+01,7.988070118242468709e+01
1.862467182988391257e-01,1.559676768256952300e+03,1.826235712558811031e+01,8.680086833121001177e+01
1.864189474934161705e-01,1.519234627639709515e+03,1.687362035825000817e+01,9.165330461113667582e+01
1.866163359603435490e-01,1.439185288381494729e+03,1.588518196045835218e+01,8.532522342457876618e+01
1.869783574287731676e-01,1.301447963484927413e+03,1.579844146646193437e+01,8.625105220027974440e+01
1.874069005130371279e-01,1.142703804962421145e+03,1.596608183780555201e+01,8.334420357415349656e+01
1.876015429375907373e-01,1.093962743001999570e+03,1.519097586109691278e+01,8.723567505947458756e+01
1.878682738535827623e-01,9.741618146665218774e+02,1.482514132325579048e+01,8.676036509271045816e+01
1.879340800346302742e-01,9.742998622023152393e+02,1.379773364980993478e+01,9.065488016538992611e+01
1.879347980940460350e-01,9.043546653296568820e+02,1.278117368209683313e+01,9.054791975892402434e+01
1.879050896287079164e-01,9.088822356713058070e+02,1.186075674246220935e+01,8.882838952288581424e+01
1.878704484544825581e-01,8.760310752457025956e+02,1.101976481502609673e+01,8.638402100567599007e+01
1.878372329945509900e-01,9.248342920787956700e+02,1.028653969089207365e+01,8.555354793696261595e+01
1.878047067453876284e-01,9.841465392771229972e+02,1.000810397287355968e+01,8.741917169748158756e+01
1.877728439495529866e-01,9.109883688524377021e+02,9.990689261364169127e+00,8.248550094579665881e+01
1.877403874311525389e-01,9.568205356152657259e+02,1.018204492270595374e+01,8.404321279194252270e+01
1.877089419605126597e-01,1.030979004187212695e+03,9.996779967562707370e+00,8.596336892785676298e+01
1.876765882425710519e-01,9.521720106920590752e+02,1.015212288371636440e+01,8.293761468103618029e+01
1.876451471329790011e-01,1.010214136537695481e+03,9.989763255947346821e+00,8.434909998332150849e+01
1.876131829168434240e-01,1.024802147257633806e+03,1.000375065479719616e+01,8.681141176775440726e+01
1.875809770376309360e-01,1.014600777755682770e+03,1.000578808523662033e+01,8.681734289384935721e+01
1.875496707309583788e-01,9.998955898826624207e+02,1.001029035785842858e+01,8.120687191840065111e+01
1.875182802069844668e-01,9.966079866049833527e+02,1.002243613546679590e+01,8.333743887391793237e+01
1.874873124277800784e-01,9.889919843217054449e+02,9.992693210242661550e+00,7.963388361869608900e+01
1.874560913267734885e-01,1.024112161966906569e+03,1.002690011409070792e+01,8.081299182818656845e+01
1.874248158812664711e-01,1.038888800015534571e+03,9.969521565309475974e+00,8.637675224576514665e+01
1.873937794743379681e-01,1.053233987925271322e+03,9.993083184725580992e+00,8.612660513829322895e+01
1.873618309470481968e-01,1.075979374903222606e+03,1.003850030941557669e+01,8.721667609007795363e+01
1.873306413849263885e-01,1.129769358477920605e+03,9.978987338915070282e+00,8.545619317463861364e+01
1.872987666063649081e-01,1.176908490164349587e+03,1.005165676970653976e+01,8.437986869681246560e+01
1.872667363687316455e-01,1.141652209655500201e+03,1.000019536156636413e+01,7.884976216529570081e+01
1.872349164214336947e-01,1.159642846099459348e+03,9.989576478562012696e+00,8.665764450068714098e+01
1.872039629980249975e-01,1.175550808971843253e+03,1.003575133708584133e+01,8.624940764916290448e+01
1.871726568883458064e-01,1.171978516765037966e+03,1.000805837874701076e+01,8.423564229367028133e+01
1.871416877380734090e-01,1.207699862989283019e+03,9.981595481505076251e+00,8.855464820545445548e+01
1.871101443397273911e-01,1.267297831034731871e+03,1.004272349406158682e+01,8.367686826396162303e+01
1.871410583450523191e-01,1.347704431769844177e+03,1.004108986551523053e+01,8.680833424467330417e+01
1.871893546077037507e-01,1.391849720324227292e+03,1.000441229864963333e+01,8.173426733713121450e+01
1.873548336743161846e-01,1.366347241478569686e+03,1.000700344276058651e+01,8.538529071788192937e+01
1.879008712499669609e-01,1.325104579448809773e+03,1.111395717044815434e+01,7.753803295946408980e+01
1.885941491028982619e-01,1.411922310736189047e+03,1.217424331767444734e+01,8.215476514609053993e+01
1.894693143450278672e-01,1.349806829630020729e+03,1.402653082362849268e+01,8.482903312609964530e+01
1.904109866991657574e-01,1.141753164042666640e+03,1.606327482578336685e+01,7.523896900159553525e+01
1.914448017050842943e-01,9.107662893949230920e+02,1.816404844068053848e+01,7.410039811326387849e+01
1.923347304296553206e-01,7.006539401692577940e+02,1.958989483754469063e+01,6.927050971856745321e+01
1.932102395249598314e-01,5.905829037952145200e+02,2.049089747693281893e+01,6.407592591509558133e+01
1.940689903103303693e-01,5.397772949532189841e+02,2.121246785689908521e+01,6.276892366961476455e+01
1.948817963727602354e-01,4.952612766644312501e+02,2.160867160140564280e+01,5.687993673142329243e+01
1.956131578889945544e-01,4.950545656615326493e+02,2.171652657979202772e+01,5.557591913433965658e+01
1.963640073701754252e-01,5.290584553751511976e+02,2.204916820160115876e+01,5.847065983580684900e+01
1.971318233384369012e-01,5.025924381625035267e+02,2.169876212802221360e+01,5.229560139077408110e+01
1.978511263334604975e-01,4.599205518554006176e+02,2.129474536183120037e+01,5.548759153741499262e+01
1.985132130418905960e-01,4.875125173446372173e+02,2.083733388829192990e+01,5.256497974886345759e+01
1.990995951302661493e-01,5.017870303967351902e+02,2.003521140630467556e+01,5.909910577368048479e+01
1.996056698559028619e-01,4.868926653494870607e+02,1.942881756187274789e+01,5.684072195444509390e+01
1.999988052392046300e-01,5.103462680349236393e+02,1.875761504848078332e+01,6.517961436750134396e+01
2.002487549668290623e-01,5.088141149528862002e+02,1.793236810180515661e+01,6.583578087302994675e+01
2.002454650522426938e-01,5.125561437524007715e+02,1.641951775994948193e+01,6.640319929021268308e+01
2.002034823166459754e-01,5.100990123938416900e+02,1.524458343751661005e+01,6.954688687222038368e+01
2.001558423364956929e-01,5.444999488129745941e+02,1.424803102774430563e+01,7.240860641612313486e+01
2.001117890783496722e-01,5.294235656416093434e+02,1.339317293932722563e+01,7.357003291866588768e+01
2.000703762078637205e-01,5.380452670337629115e+02,1.299494928895716939e+01,7.263013947185970665e+01
2.000284997531810438e-01,5.551101043605160612e+02,1.278872382361932303e+01,7.752809857585367581e+01
1.999881806414759156e-01,5.316442945576279726e+02,1.250840185253567505e+01,7.907740278327754879e+01
1.999474064287311004e-01,5.149113483436429988e+02,1.246679746113900045e+01,7.725044041788984828e+01
1.999080526251041101e-01,4.977070310288229393e+02,1.213546591865154411e+01,8.020301240794961473e+01
1.998699199975699503e-01,5.241840986861415104e+02,1.170406940201100099e+01,8.235090616989228351e+01
1.998322665818880739e-01,5.130634278415395784e+02,1.124966687281975730e+01,8.402787005565825496e+01
1.997952063179107840e-01,5.541394862095153258e+02,1.098594568150561557e+01,8.482299724806739505e+01
1.997597087104734104e-01,5.824631573687170203e+02,1.061155928908594959e+01,8.693828647227057616e+01
1.997243138837722087e-01,5.793851739021126832e+02,1.017221173746931662e+01,8.617037479927985544e+01
1.996906639928906768e-01,6.226486182154324069e+02,9.999184215414071986e+00,9.630055796960091641e+01
1.996562019905006036e-01,6.386017363999206964e+02,9.994211325676078062e+00,8.238220405158496362e+01
1.996219619824622649e-01,6.662615128445244181e+02,9.996660464111185362e+00,8.901197181747001252e+01
1.995876761317637860e-01,6.896199670343726211e+02,1.000608472749939715e+01,8.559042615657349984e+01
1.995541308389894297e-01,7.030781667123933403e+02,9.998609962055175160e+00,8.112195488476010041e+01
1.995201737480853110e-01,7.098896834944946477e+02,1.000828919203505052e+01,8.204975203832142938e+01
1.994857783254829209e-01,8.074029814328404200e+02,9.983782189288758602e+00,8.455177456569687422e+01
1.994528236806086541e-01,8.903909332631642428e+02,9.982934463716496509e+00,8.571025805304314815e+01
1.994194454586752652e-01,9.598383625566182218e+02,9.984896240095626041e+00,8.988115991574923669e+01
1.993863483821108340e-01,1.020575446082062626e+03,1.003833310872214568e+01,8.546521755249018781e+01
1.993530182118971317e-01,1.131993733329183669e+03,9.992632395138834056e+00,9.169249491811270047e+01
1.993190524034312017e-01,1.105975313652155819e+03,1.002965157540162977e+01,8.681271685283653028e+01
1.992858517255510775e-01,1.191960525355443906e+03,1.002489472965112149e+01,8.869120773958701420e+01
1.993034869168943402e-01,1.266405982780809836e+03,1.000316953437221557e+01,8.484534308612444420e+01
1.995150510595460336e-01,1.254691020800476963e+03,9.996063159575777846e+00,8.312339090047881029e+01
1.999305223328822767e-01,1.254188147950415441e+03,1.055917817620824906e+01,8.117456496821817780e+01
2.005072465486696098e-01,1.156174580571979732e+03,1.225269555983697423e+01,7.833927932892942181e+01
2.012231796035204301e-01,8.748106090979349574e+02,1.477249404262394350e+01,7.259843248445332620e+01
2.020139189011657121e-01,6.806566561920645881e+02,1.718111582018491035e+01,6.561043277394416862e+01
2.027868317051466085e-01,5.688683760649506667e+02,1.899572611260385102e+01,6.378899847154762170e+01
2.035800928757963424e-01,5.420483935180021717e+02,2.053267740313381040e+01,5.580180526255262663e+01
2.043802277134183498e-01,4.949664782027294905e+02,2.155064684284343457e+01,5.295983989839903217e+01
2.052364293350515956e-01,5.100725880384015909e+02,2.248103768849679085e+01,5.030621463172781915e+01
2.060331026257746501e-01,4.986328279814349003e+02,2.292044688853076551e+01,5.125498707927986430e+01
2.068465976042973276e-01,4.917493448676586354e+02,2.356463205303880315e+01,4.552956145454533754e+01
2.076747246211133879e-01,4.997911001445306738e+02,2.400598864315787040e+01,4.635259626770626085e+01
2.084666112876983335e-01,4.721577993254923626e+02,2.413795171759628033e+01,4.486263633094150549e+01
2.091524137723939913e-01,4.845956564077864073e+02,2.410207803355969247e+01,4.792190357027648417e+01
2.098404351778579979e-01,4.513586665605500912e+02,2.429548840635175466e+01,4.692143607507782832e+01
2.104741162351357331e-01,4.776488844507981639e+02,2.383832861385807789e+01,5.060753431949539305e+01
2.110426550732096840e-01,4.718437105821871569e+02,2.376543338770783009e+01,4.546592131316957364e+01
2.115135763362276655e-01,4.747686367383324182e+02,2.292640188069337626e+01,4.541405128760476373e+01
2.119044069599613500e-01,5.079260486728719002e+02,2.219754763508740680e+01,5.247877339140155328e+01
2.121413744033534554e-01,4.683540338520872410e+02,2.125681648313374339e+01,4.931918059131627530e+01
2.122221045156328645e-01,5.225495974027629700e+02,1.996800028368091162e+01,5.321904267275311184e+01
2.121657929712080504e-01,5.108640207323028335e+02,1.848798035189211930e+01,5.501087892007073066e+01
2.121036126743233441e-01,4.872667806262033992e+02,1.725713655519115264e+01,6.094985504773723761e+01
2.120472239959851624e-01,5.340706112942825712e+02,1.604308914537396547e+01,6.289824899091796340e+01
2.119934160036622828e-01,4.917227908310816247e+02,1.521720320092811818e+01,6.218196313062684055e+01
2.119430583122193790e-01,5.069687800291137023e+02,1.428667416798586487e+01,6.784997071076810471e+01
2.118969486801602631e-01,5.131466179495065489e+02,1.336862525705511295e+01,6.842998685765083167e+01
2.118517561891645196e-01,4.862201151568687010e+02,1.317147020238813759e+01,6.615385146504091551e+01
2.118068663122652517e-01,4.989381443453141856e+02,1.303286567515785777e+01,6.711654755185669785e+01
2.117631680729528121e-01,5.142343748274194013e+02,1.291988040834127105e+01,6.997939246585175965e+01
2.117210459725681893e-01,5.167239958019757751e+02,1.205006149422041517e+01,7.311935482864772951e+01
2.116804945100670965e-01,5.153164257862919158e+02,1.145030482332611577e+01,7.285236460624639676e+01
2.116417693019739810e-01,5.698173576655646002e+02,1.089023037326325927e+01,8.367468488274846550e+01
2.116044983234603161e-01,5.635223448021883996e+02,1.043510692871513257e+01,8.032634743641818886e+01
2.115679627731961998e-01,5.657728992325007766e+02,1.038368092267730880e+01,8.197208943295365202e+01
2.115324370802561804e-01,6.367663699453701156e+02,1.020290522571871250e+01,8.381600639814507758e+01
2.114968328616153859e-01,6.469564994704901437e+02,1.000105765925374079e+01,8.370793811114916139e+01
2.114603831503982512e-01,7.422789235998691311e+02,1.030306544820850689e+01,8.888732959681199475e+01
2.114238253307131055e-01,7.610299145834508181e+02,9.990397678129097514e+00,8.387823815046185416e+01
2.113880538150973709e-01,8.475295555061966297e+02,9.991555687042062317e+00,8.733861811042399381e+01
2.113531613787460739e-01,8.123972604420990820e+02,9.997453316370600973e+00,8.553827150668365675e+01
2.113177874339589313e-01,8.520131592870535542e+02,1.000446595135899841e+01,8.417141644404159706e+01
2.112819826569463932e-01,9.185503036337191816e+02,9.989551352863649925e+00,8.229574790356690528e+01
2.112459124532482246e-01,1.010544036183906996e+03,1.009056379022358918e+01,8.762034339949714479e+01
2.112108604937951439e-01,1.085387117622850610e+03,9.986096996290152461e+00,8.942615784162761372e+01
2.111749770450964125e-01,1.202681319723264096e+03,1.009849768834754791e+01,8.677631077904365497e+01
2.111388565672601414e-01,1.295580420376125176e+03,9.980196727784004906e+00,8.608646515523329867e+01
2.111757075426983765e-01,1.438763980983186457e+03,1.000192686968400047e+01,8.617635038357590815e+01
2.113752512400213224e-01,1.486276917607350242e+03,1.039029901892330798e+01,8.100664698170520239e+01
2.117759064532921953e-01,1.268206009925980652e+03,1.182984301394576399e+01,7.635627898994778207e+01
2.123707349629925245e-01,1.011019247908434181e+03,1.383851755711409481e+01,7.650400497351523654e+01
2.130873247358069378e-01,7.643238260190814799e+02,1.579619393861947074e+01,6.873904192979730965e+01
2.138360208558916231e-01,6.649525536237302958e+02,1.800662978428466232e+01,6.573669871922062669e+01
2.146250628731224130e-01,5.665514831693564020e+02,1.998617558152957585e+01,5.867199976634994130e+01
2.153940955630368748e-01,5.406397025818910151e+02,2.133651282981167085e+01,6.128408284766429404e+01
2.161872590857310539e-01,5.173301869376485911e+02,2.211126106228564225e+01,5.834014309978640256e+01
2.170054532994075414e-01,5.008252075815721014e+02,2.200900161554950074e+01,5.526474390586175645e+01
2.177986396067592700e-01,4.725782078021904908e+02,2.180390329937198501e+01,5.323935255965841407e+01
2.186470806747207729e-01,4.820203997658676940e+02,2.146236062344707562e+01,5.440779548065010829e+01
2.194102635148988401e-01,4.796633781209446283e+02,2.176050310751754324e+01,5.444666428395112234e+01
2.201752329913021222e-01,4.811542491028255881e+02,2.209997854715731691e+01,4.914028245699669384e+01
2.208890674241677787e-01,4.789182325437278109e+02,2.231427162379199558e+01,4.850825503470526456e+01
2.215478607296109403e-01,4.570103830401041591e+02,2.220529241863109959e+01,4.752404821198327767e+01
2.222140654975230389e-01,4.914892008593641322e+02,2.004438909983619155e+01,6.036838892886019181e+01
2.228005738153626125e-01,5.195042533130093716e+02,1.785223828789495570e+01,6.538214286213440118e+01
2.233339465566239745e-01,5.301500671350445373e+02,1.567191063803503859e+01,6.765590581729775010e+01
2.236915418213399898e-01,5.423537862874077291e+02,1.441632204260154282e+01,7.437562651921133750e+01
2.238985990996792963e-01,5.714975228805532197e+02,1.311155926981107811e+01,7.282972080941773640e+01
2.239904883321306717e-01,6.003288437714018073e+02,1.171882758686290238e+01,7.908358677944008264e+01
2.239710249196875669e-01,6.758166123035467763e+02,1.072404082243916257e+01,8.422395372344784903e+01
2.239319010021791345e-01,6.813835654806000548e+02,1.009000664285546556e+01,8.407420869691632959e+01
2.238949371420920487e-01,7.210734507838202489e+02,9.997275737542162588e+00,8.516534588300005737e+01
2.238581326679482675e-01,8.577016683238445012e+02,9.996674416546206032e+00,8.690868548766412971e+01
2.238197918690718047e-01,9.845050362219599265e+02,1.009496437692447834e+01,8.649852718734170764e+01
2.237820190499464346e-01,1.135308516698659332e+03,1.000818889719122851e+01,9.201822415749317940e+01
2.237447076212000507e-01,1.196838713292898319e+03,1.000525686216675858e+01,9.194389424127248844e+01
2.237071874036886954e-01,1.278958017179750641e+03,1.015716770702173122e+01,8.499978975512581769e+01
2.236698126781937190e-01,1.383763573780525348e+03,1.025328251695987802e+01,8.030263272526879348e+01
2.236318718763806446e-01,1.390605855881165098e+03,1.001421606989472757e+01,8.052373600197688575e+01
2.235947380241836424e-01,1.515184967333884060e+03,1.001560235603984417e+01,8.576029379949534359e+01
2.235575959109304955e-01,1.569742455714032303e+03,1.000308766815941475e+01,7.916411616861780942e+01
2.235197947491664172e-01,1.513904760089589445e+03,1.004619890409057525e+01,8.811294034034946776e+01
2.234816522062328392e-01,1.369267528860181756e+03,9.987723783450107362e+00,7.689878144572210772e+01
2.234430815524516833e-01,1.492414621130776595e+03,9.995976703380090811e+00,8.769696975613899781e+01
2.234049391060295708e-01,1.445820870338397526e+03,9.980518669185972414e+00,8.658523317855397750e+01
2.233677289809355981e-01,1.439840791419027937e+03,9.998721681029767439e+00,8.365435846527758201e+01
2.233309654615761863e-01,1.421213582251927164e+03,1.002044554506648844e+01,8.368194057477430192e+01
2.232936015054506340e-01,1.484064419547026546e+03,9.988093803040905883e+00,8.607456004640701508e+01
2.232566993078298756e-01,1.389159939441301049e+03,9.987946945184299707e+00,8.634793623588029732e+01
2.232189143160238920e-01,1.513421018949704148e+03,1.001642562511115031e+01,9.023007071085450548e+01
2.231817982619842544e-01,1.513571574522343553e+03,1.001378455056030248e+01,8.433790296725688052e+01
2.231437734145474416e-01,1.496284630766183000e+03,1.000077024846067175e+01,8.722874732601317760e+01
2.231062819929864605e-01,1.554313132415370092e+03,1.000756005117972336e+01,8.620966028608948761e+01
2.230688199007523076e-01,1.486790599333581895e+03,1.001444465190469124e+01,8.310416775929010669e+01
2.230312536762765752e-01,1.578739886106463700e+03,9.983587320272501842e+00,8.379884072061139477e+01
2.229998999599579479e-01,1.537588073130300700e+03,1.006069973055194033e+01,8.875700327522875455e+01
2.230116575144850122e-01,1.463811537354843495e+03,1.008510651009044601e+01,8.418099083200100097e+01
2.230735924138463055e-01,1.436721987879094513e+03,9.986726234776842404e+00,8.630697646248363242e+01
2.231914600968828155e-01,1.524043245083106058e+03,1.001764656515606866e+01,8.715067398053756165e+01
2.233543138776409864e-01,1.409818041435877149e+03,1.021046003943753533e+01,8.152874998824103159e+01
2.235425327867855971e-01,1.407619000931784512e+03,9.979687713843096830e+00,8.690874424979951129e+01
2.238680819485847351e-01,1.385985180584060345e+03,1.026156421669857544e+01,8.761129970846297965e+01
2.242494765693914816e-01,1.369522593473500820e+03,1.062690547041240485e+01,8.952237525386543382e+01
2.248418226183528934e-01,1.335536074024816571e+03,1.179564651172449352e+01,8.610610998085087431e+01
2.254635083215462688e-01,1.323712487695760728e+03,1.299904017476804796e+01,8.230081508382274080e+01
2.263022352409407023e-01,1.213736746567449927e+03,1.493177165490166303e+01,7.726230235146847747e+01
2.273446171346015510e-01,1.030772157056247124e+03,1.750127103227797676e+01,7.360888410947788429e+01
2.282638454184362786e-01,7.316785657135403653e+02,1.870910175377374429e+01,7.030892515260936193e+01
2.292301763002320414e-01,6.210639920720423106e+02,2.010887980439551370e+01,6.623770317947229103e+01
2.300289580787311938e-01,5.188154845999024474e+02,2.074293411950671384e+01,6.135206378601320409e+01
2.307523866654151157e-01,5.274211319340450927e+02,2.039245338322407974e+01,6.591207232961986051e+01
2.314053563258377244e-01,5.334306251883442656e+02,2.004011867388064516e+01,6.562195414134455973e+01
2.320127318651850346e-01,5.625242263687534887e+02,1.976993080084988108e+01,6.778105619498033718e+01
2.325324101385800035e-01,6.030822182189687055e+02,1.944975248975093862e+01,7.248587194937825018e+01
2.329454474936059061e-01,7.064729648550246566e+02,1.891815896476211378e+01,7.323047583609881883e+01
2.332046230798904829e-01,8.357184733838273587e+02,1.793773967850851747e+01,7.654791691847071888e+01
2.332970576054223533e-01,8.692057552834095304e+02,1.619871276208920463e+01,7.924758505741807824e+01
2.332573630629503070e-01,8.791001650642731420e+02,1.456246484835827282e+01,8.550525792765650124e+01
2.332045590943237212e-01,1.046199590574953618e+03,1.334736890901627504e+01,8.063006540405403655e+01
2.331563523391974313e-01,1.060704472152604922e+03,1.228556601821842875e+01,7.841622202385701712e+01
2.331111895099052533e-01,1.194394404470977634e+03,1.128290218421780366e+01,8.890939194807752699e+01
2.330691010768175531e-01,1.291750623358266694e+03,1.052582461187435214e+01,8.929455061441721853e+01
2.330284445159725992e-01,1.271110654476835634e+03,1.002609428899841859e+01,8.227639664037448597e+01
2.329891858713014907e-01,1.407710022562130689e+03,1.026379951296466331e+01,8.765180688431253486e+01
2.329499549521455437e-01,1.344429529565122493e+03,9.983545630274983651e+00,8.470366338252496519e+01
2.329112176293211822e-01,1.345152618498103720e+03,1.016247861550480280e+01,8.563247153712876525e+01
2.328720309822848167e-01,1.413232884354692487e+03,1.010146585250512707e+01,8.573499604104867444e+01
2.328317434168266642e-01,1.374279004749025489e+03,1.000775701254107908e+01,8.477365375887579546e+01
2.327916355108502200e-01,1.323412500163422919e+03,1.001435429788471154e+01,7.918579481938738240e+01
2.327514216456402218e-01,1.387742156444526017e+03,1.001623250104840501e+01,8.023105103703409213e+01
2.327121327649959437e-01,1.382767347354342292e+03,1.015708721696185357e+01,8.056007917304278010e+01
2.326719963950434067e-01,1.324713146738953128e+03,1.005242660297258084e+01,8.422177462187596575e+01
2.326326903662024048e-01,1.393423859773586855e+03,1.014421729774115377e+01,8.562078278694426103e+01
2.325942551163376337e-01,1.491984031486051435e+03,1.000419414382219152e+01,8.832895695359665922e+01
2.325548622213656214e-01,1.531167164586959643e+03,1.002894645254539441e+01,8.931321635374024481e+01
2.325157043952976732e-01,1.479335296682560056e+03,9.979335535666395529e+00,8.969950029153433491e+01
2.324757683977262679e-01,1.447660465569121925e+03,9.972526843423533904e+00,8.726983349556826397e+01
2.324370874758655836e-01,1.394668960818053392e+03,1.003790659254086926e+01,8.118948450807020834e+01
2.323976442413122068e-01,1.460484954892370524e+03,1.003883750825289844e+01,8.352486976671589503e+01
2.323590663391401634e-01,1.478973989581125352e+03,1.000350126914188742e+01,8.545861731790330396e+01
2.323204003131603412e-01,1.418906514183589707e+03,9.976269660430407527e+00,8.155677302043991972e+01
2.322812386381743199e-01,1.511538857724583295e+03,1.002464456376941015e+01,8.178320885166844789e+01
2.322413579761339886e-01,1.413552773251200051e+03,9.964524852273433098e+00,8.263865716573533859e+01
2.322984292778441096e-01,1.481917853955129431e+03,9.992629306876681383e+00,8.428879336001443789e+01
2.325348739104123874e-01,1.442347251296541344e+03,1.007302630935581611e+01,8.896647160445183999e+01
2.329729352541109466e-01,1.362817379100102926e+03,1.025694692189934010e+01,8.463495649632426421e+01
2.336028051252752313e-01,1.344786944435762734e+03,1.134636159636515096e+01,8.280435726354943426e+01
2.343489222594131172e-01,1.146107963194368040e+03,1.291419614718109976e+01,8.244902232762778738e+01
2.352097043037495450e-01,8.543483949828525965e+02,1.470897671176298793e+01,7.720245211552182241e+01
2.360812817698943467e-01,6.589263987286803967e+02,1.646223390519388374e+01,7.035403947210308218e+01
2.369177407708449867e-01,5.460590663174087922e+02,1.803446574305926831e+01,6.461095078355582189e+01
2.377535309940699837e-01,5.202799762306493676e+02,1.910583800399922794e+01,6.335768198999186751e+01
2.385916724095360486e-01,5.396983265606085070e+02,2.027247439188860056e+01,6.247137963089203083e+01
2.394702695206555876e-01,5.415739695669933553e+02,2.123194315988806835e+01,5.407661730860918681e+01
2.402731815987349806e-01,5.179709117055186880e+02,2.154776066044838245e+01,5.350000997174485207e+01
2.411171953496009102e-01,5.041844664638539939e+02,2.134589625277568814e+01,5.292160134920184333e+01
2.419210928679630945e-01,5.112976004756806674e+02,2.129759948637612865e+01,5.526161474023862752e+01
2.427016934491789679e-01,5.200175244508595824e+02,2.086168067508834767e+01,5.443862762299148272e+01
2.434356287745065017e-01,4.811112234920408923e+02,2.084842677421658053e+01,4.814533820344802706e+01
2.440823889081556453e-01,4.827326933309410038e+02,2.058190988914777364e+01,5.041346007234735538e+01
2.446833666540740304e-01,5.045653107791292769e+02,2.001848300658930668e+01,5.420915663618555413e+01
2.451754984826563788e-01,5.096459685272784554e+02,1.938896255625908083e+01,5.546264250196789192e+01
2.455515238269356804e-01,5.115186121544250568e+02,1.864590835550361803e+01,6.307618826160101122e+01
2.457932008823240366e-01,5.395540131216081363e+02,1.757264474137266674e+01,6.995049342264010761e+01
2.458828491228968183e-01,5.095442211969665891e+02,1.609954801788499879e+01,6.532982191153601548e+01
2.458421848038383761e-01,5.455993346414527423e+02,1.455515840721182741e+01,7.393492809794682330e+01
2.457891047551750696e-01,5.661094084388627152e+02,1.340433441296518779e+01,7.588692346906137232e+01
2.457393685290436836e-01,5.435745889894029688e+02,1.243227428068111351e+01,7.420146122941891065e+01
2.456903736372908209e-01,5.722227205848431595e+02,1.177099618219824428e+01,7.859832128754761982e+01
2.456452342386601650e-01,5.782056981398773132e+02,1.121408790009277645e+01,8.216748212268790041e+01
2.456020497610271469e-01,5.585434586114889726e+02,1.072388567987127495e+01,7.850535099420808649e+01
2.455584653780402415e-01,5.430704881836372806e+02,1.022434488682736209e+01,7.954295223640465906e+01
2.455163950273086260e-01,5.875832860917728340e+02,9.994410982518648012e+00,8.459749052238763056e+01
2.454756098654039542e-01,6.103063394088748055e+02,9.996572586840967389e+00,8.099245695337931750e+01
2.454344019821152745e-01,5.918054180399668667e+02,1.000560263259587934e+01,8.400694634998745869e+01
2.453936174120903424e-01,6.078795461512290785e+02,1.007592737233108693e+01,8.911975276929887002e+01
2.453523552060191126e-01,6.469200286766579211e+02,9.986075952458111971e+00,9.018447186024337725e+01
2.453117340622478770e-01,6.488272406603721265e+02,9.987410657284343074e+00,8.452806762489446157e+01
2.452709266690394074e-01,6.912704237115794967e+02,1.000970294734395694e+01,8.694686989005346334e+01
2.452291044081788274e-01,6.596382211840315222e+02,9.988163876027199350e+00,8.411014962548355811e+01
2.451880244323262625e-01,6.810175623782008643e+02,1.001976034508930802e+01,8.154633337118336556e+01
2.451458068097228382e-01,7.099157218886830378e+02,9.988135776034962277e+00,8.489376738702682701e+01
2.451035978422640704e-01,7.503178402268111995e+02,9.976329721795384131e+00,8.292644584620009596e+01
2.450619785127658989e-01,7.308925252507216328e+02,1.002759065390635485e+01,8.457708854562680756e+01
2.450202720543852852e-01,7.060010927393973361e+02,1.000550963778697344e+01,8.553317640318853421e+01
2.449791152707601893e-01,7.183413666593321523e+02,1.003282775380612080e+01,8.905177513242634291e+01
2.449378819907681026e-01,7.419288895501193792e+02,9.990624008866944905e+00,8.346409244536741312e+01
2.448965741372511051e-01,8.098932562671819824e+02,9.987623481163591777e+00,8.557823811377734557e+01
2.448559225594927613e-01,7.310761086912001474e+02,9.975739483534459495e+00,7.962475793624770404e+01
2.448148791057681850e-01,7.963982072639447551e+02,1.000218426442636144e+01,8.427678575102530090e+01
2.447807872430937948e-01,8.688183134696085972e+02,9.994016534686645414e+00,8.678968048443346106e+01
2.448436324270202857e-01,8.805190385527577064e+02,1.003703166267843194e+01,8.319909017258262907e+01
2.451369166528773458e-01,7.679267984494155144e+02,1.015093988469213748e+01,8.151120184603729513e+01
2.454107859424564941e-01,7.219460145220558616e+02,9.955954941647917167e+00,8.452466463377771788e+01
2.458645709165241944e-01,6.824372944612355241e+02,1.124269479211304912e+01,8.187866670716344686e+01
2.464617912217000606e-01,6.259156891900381652e+02,1.371696237897424453e+01,7.389361977079991561e+01
2.471837762539980388e-01,6.324558870310131624e+02,1.629872989048659093e+01,7.217606527374610437e+01
2.479323138320067565e-01,6.233777053933839625e+02,1.815768776654064709e+01,6.632818650580425412e+01
2.487463338133666380e-01,5.553522633169020537e+02,1.984257551442249223e+01,6.387460570746844013e+01
2.495623734199189370e-01,5.146255332369552207e+02,2.145338563638463825e+01,5.331182925510228898e+01
2.503882185392959925e-01,5.070765188208427503e+02,2.176534619931711489e+01,5.319596240149312649e+01
2.511651976242000317e-01,5.017424629696693046e+02,2.224416402884653010e+01,5.768522023063560056e+01
2.519657222546484721e-01,4.783391183741992450e+02,2.202286051698932567e+01,5.090940804504994333e+01
2.527205986947675953e-01,4.889607253875992683e+02,2.219968487895563314e+01,5.180298262746207882e+01
2.534549524958402689e-01,4.770580869388949736e+02,2.246029712646461363e+01,5.064839102026889606e+01
2.542007778297199483e-01,4.656031874355583682e+02,2.215577970945398079e+01,5.139074872772507518e+01
2.548898084975137479e-01,4.995843937752013062e+02,2.159484496726575387e+01,5.325864229032808339e+01
2.555211859118962647e-01,4.670761850540491196e+02,2.067316896035186247e+01,5.597637669920177927e+01
2.560824731290075595e-01,4.938117703764419275e+02,1.977585383994443546e+01,5.220516042156499026e+01
2.565721983832403574e-01,5.153715822542729939e+02,1.865047230029790626e+01,5.916080586994489465e+01
2.569285618230141011e-01,5.202971212723361987e+02,1.744786122073092471e+01,6.144867326525175599e+01
2.571752349830888074e-01,5.503776135586706459e+02,1.647575187492132187e+01,7.047283155533021670e+01
2.572497226048847674e-01,5.444185715922899362e+02,1.501306188309837353e+01,6.502783151592997513e+01
2.572218442224347146e-01,5.592989885321193242e+02,1.351350055649717419e+01,6.706757140562221764e+01
2.571698773604317867e-01,5.599312344240308903e+02,1.221556283345277905e+01,7.023249347226484929e+01
2.571218072599659177e-01,5.641534060768665313e+02,1.112193293505634983e+01,7.111966081176112198e+01
2.570771666785586218e-01,5.863302045412619918e+02,1.032046364388068938e+01,7.452162084534059261e+01
2.570337942690794075e-01,6.148720220231674602e+02,1.000735257350592278e+01,7.853852135551557012e+01
2.569901526487569088e-01,6.412137635046211699e+02,1.002534607187709703e+01,7.986167131138957131e+01
2.569469413923954892e-01,6.791679988938232100e+02,1.025170280578664794e+01,8.269127353887466825e+01
2.569036658213117441e-01,7.065502816485716266e+02,1.016422202775734718e+01,8.444524771511589734e+01
2.568610604265554875e-01,7.137124532803060220e+02,1.000912563509320563e+01,8.462760400987275489e+01
2.568170970097403139e-01,6.904477160701491130e+02,1.002196100793715416e+01,8.550699738560753360e+01
2.567740424742913086e-01,6.983669083261642072e+02,1.022037027372130780e+01,8.017227460817228746e+01
2.567293970533640612e-01,7.525714037085751897e+02,1.001997517950584893e+01,8.679682735889140588e+01
2.566856062782529868e-01,7.213146284087157483e+02,1.002581407650023593e+01,8.677736609326547068e+01
2.566413518798723592e-01,7.792516031071810403e+02,9.970090691594799992e+00,8.591375378651657968e+01
2.565980982245984476e-01,7.439307967944647544e+02,1.003453472430273585e+01,8.403828692374599996e+01
2.565541150240708834e-01,7.991599137930751340e+02,9.981279813374813514e+00,8.712771987344720515e+01
2.565112509867318313e-01,8.317349752704827779e+02,1.001895917768437982e+01,8.637504856361591976e+01
2.564679099768435444e-01,7.905176807332246653e+02,9.993971516561288126e+00,8.414420839816116882e+01
2.564239979806086644e-01,8.126416285208479167e+02,9.966733177845092939e+00,8.328242755789018759e+01
2.563814162927235407e-01,8.492335467368154696e+02,9.989845407533948674e+00,8.505414381705139704e+01
2.563385314755511901e-01,8.008143670280010156e+02,9.988934159853267047e+00,7.997352468788173496e+01
2.562960928139177974e-01,8.559182651575290492e+02,9.964912075244924949e+00,8.591431697402268242e+01
2.562519516659439445e-01,8.909975907857916582e+02,1.001906816625952956e+01,8.646077726373253824e+01
2.562078814795353265e-01,9.405741408262043706e+02,1.004678687641215262e+01,8.663450090967938877e+01
2.561652232613388369e-01,9.990721692843927713e+02,1.003055290326163451e+01,8.729175292823980215e+01
2.561224109859456810e-01,1.022555889855286296e+03,9.996499851744003351e+00,7.886372406273478930e+01
2.561111385642862448e-01,1.064266188391074593e+03,1.000808436471209006e+01,8.143891459069720895e+01
2.561397103687014232e-01,1.152881055762109099e+03,9.974114315067344805e+00,8.710873748208382494e+01
2.562221806797382317e-01,1.129799834554070230e+03,1.004532198740885462e+01,8.796136973145009108e+01
2.563745409252445873e-01,1.118088502526945376e+03,9.960448921847905979e+00,8.676005197041888550e+01
2.565843884574479095e-01,1.263588969065775245e+03,1.000372443183219140e+01,8.847483470883041434e+01
2.568690831236287164e-01,1.273730922305182503e+03,1.004973026906989020e+01,8.212566718704138680e+01
2.572539674502010154e-01,1.255044676713938088e+03,9.927131301053965018e+00,8.618207487979047698e+01
2.577435959118109521e-01,1.228669258163663017e+03,1.014436248942137730e+01,8.353669234034991575e+01
2.582841934615932034e-01,1.358244434272578019e+03,1.074946635427635577e+01,8.289357245209764358e+01
2.591381246583902564e-01,1.377601973640072401e+03,1.271979801967417600e+01,7.905127245842849959e+01
2.602601845472581887e-01,1.335893640110394472e+03,1.586202305583580952e+01,7.524411391845222852e+01
2.615069025244149414e-01,1.070800986470927455e+03,1.901247598120157178e+01,7.136134605047013224e+01
2.626299834820818857e-01,8.237562266545791090e+02,2.044858945096173386e+01,7.608336343716342753e+01
2.636036596650145891e-01,6.886094787314943915e+02,2.061024327469988293e+01,6.984249286829887637e+01
2.644550265306093162e-01,6.301750491426624876e+02,2.071293300134871274e+01,6.290463455590089126e+01
2.652593413376124754e-01,5.787847182210157371e+02,2.017126760240153160e+01,6.475492976845816884e+01
2.659869002414894656e-01,5.784103589803440855e+02,1.967905607599534079e+01,6.908671895394701323e+01
2.665406927881497356e-01,6.154667227023928717e+02,1.850522184699480732e+01,6.719746830726045062e+01
2.671132144342430736e-01,6.829756590544852770e+02,1.747007850443423749e+01,7.233920943219987976e+01
2.674283869538294223e-01,8.081835162721557708e+02,1.566100554307729098e+01,8.439010839403698583e+01
2.677386721989721829e-01,9.485259712601849742e+02,1.459034947302742680e+01,9.395071172292558970e+01
2.678496873887653007e-01,9.949456183716359874e+02,1.284735219174707765e+01,9.207281852365049701e+01
2.678233319182232730e-01,1.196930223375121386e+03,1.102119035770301636e+01,9.186802638983408542e+01
2.677759122209379394e-01,1.368509804119925775e+03,1.016465222796294476e+01,8.983441559128284837e+01
2.677308816551032811e-01,1.485782348730622061e+03,1.001143729915213143e+01,8.483437489218461280e+01
2.676849490770147888e-01,1.506951636381108074e+03,9.978015870426654388e+00,8.602233730053214344e+01
2.676407230012434746e-01,1.565704290945800267e+03,9.994585112033149699e+00,8.425202308145757968e+01
2.675959739810178650e-01,1.507943041481022192e+03,1.002993765250349156e+01,8.614389685678030162e+01
2.675510134898483328e-01,1.567681084484204575e+03,9.974809329545879066e+00,8.426026599877478418e+01
2.675067441334942342e-01,1.634468266461829444e+03,1.002587817263118097e+01,8.655060103705496033e+01
2.674619554782882713e-01,1.612919819967457215e+03,9.979273203344744658e+00,8.758752744688531777e+01
2.674165180916918128e-01,1.644809503648517421e+03,1.016522616203612905e+01,8.228250248165957714e+01
2.673703960701546700e-01,1.680911393197133066e+03,1.017814401492266896e+01,8.828947695500174575e+01
2.673255458426515574e-01,1.348089136876773637e+03,1.008836989786785310e+01,8.771206417545228362e+01
2.672806292513082993e-01,1.359689971403019172e+03,1.039082110878420018e+01,8.306431147426621919e+01
2.672340022311447960e-01,1.413731844075345862e+03,1.053049005795358006e+01,8.330588434189445479e+01
2.671888424179886257e-01,1.387396713061943501e+03,1.000991991922629154e+01,8.250022880814464088e+01
2.671430969342404316e-01,1.517695436833619624e+03,1.017405374575302091e+01,8.472118147992574677e+01
2.670966826657533710e-01,1.502017907460171955e+03,1.043611788341511293e+01,8.129022823781870954e+01
2.670499726407417618e-01,1.488216279771172822e+03,1.000255496439771896e+01,8.466845075487366046e+01
2.670041063037573159e-01,1.542724756890219169e+03,1.005967876349233947e+01,8.172398707079153723e+01
2.669596346273331866e-01,1.567052093461592676e+03,1.011878868451495173e+01,8.620453252664371746e+01
2.669150214648127739e-01,1.496007050552536384e+03,9.989649370917629057e+00,8.176993586149421844e+01
2.668704469450805528e-01,1.577856767694181144e+03,1.029641648039727997e+01,7.760267405524238882e+01
2.668251997252980567e-01,1.500583958459036921e+03,1.000920659062694895e+01,8.305923714955935111e+01
2.667795375772036293e-01,1.628811455222618406e+03,1.013937131195192975e+01,8.329384217501446130e+01
2.667333394569780802e-01,1.556255782457239320e+03,1.000086799281397454e+01,8.163253284506082252e+01
2.666870150049860944e-01,1.703583974196132885e+03,1.032729937769769180e+01,8.225397928395707936e+01
2.666621474974006922e-01,1.526490681268377557e+03,9.992859320166964210e+00,8.876002637471360401e+01
2.668662743906658474e-01,1.524074127593043613e+03,1.029389408461726418e+01,8.346123550311557437e+01
2.672393660386340741e-01,1.479879193464027821e+03,1.114034822024779459e+01,8.092680935983105428e+01
2.678214628963079269e-01,1.540724211739156317e+03,1.259388110420114337e+01,7.886763573193083232e+01
2.683847462945723739e-01,1.611973571401659228e+03,1.349220378780894514e+01,8.109798837138784222e+01
2.689669081083465030e-01,1.596587489545150675e+03,1.443921014736608299e+01,8.085622448757693803e+01
2.697754278301895958e-01,1.548732500670696936e+03,1.591948031910457040e+01,7.672368419181526633e+01
2.704322553032958432e-01,1.691058518539483202e+03,1.637015883783655212e+01,8.535491215331734338e+01
2.711664385171800307e-01,1.626695260177458067e+03,1.700197723680693329e+01,8.273397673559944110e+01
2.715461556475968763e-01,1.628530423515795064e+03,1.598666393283580689e+01,8.562019609456136493e+01
2.723033778828780060e-01,1.637861663412025791e+03,1.692832807634845693e+01,8.449559701809447176e+01
2.729368004040468310e-01,1.614197007259735983e+03,1.703574971778667901e+01,8.057555231950175312e+01
2.734691705347589430e-01,1.592538315613207487e+03,1.669465195540617231e+01,8.514648009929561567e+01
2.742757213536463068e-01,1.626961883130979686e+03,1.756841412348983056e+01,7.961618209853325823e+01
2.750924493630529932e-01,1.615473632489562306e+03,1.826467073950105302e+01,8.402643025778769470e+01
2.761175744470935611e-01,1.384643916619010497e+03,1.967743110089883274e+01,7.757335840866716126e+01
2.769764450124214683e-01,1.252843606678742162e+03,2.002377617714408231e+01,7.388160147138208345e+01
2.774257434675523881e-01,1.369192564777701136e+03,1.866309299151811629e+01,8.853136222721538218e+01
2.777444482320872710e-01,1.511665823028052273e+03,1.707820714207819890e+01,8.493956928713537025e+01
2.780128746452090183e-01,1.487252618544687721e+03,1.572593721233437769e+01,8.788938970427903996e+01
2.781742697916370632e-01,1.693840995353274820e+03,1.458460932188329906e+01,9.309778772866822294e+01
2.782509127608897015e-01,1.354158214189200407e+03,1.328133675231491750e+01,8.268450936436826737e+01
2.782309669744505998e-01,1.384560355570878528e+03,1.216850626321261331e+01,8.834979744909517763e+01
2.781777397984149802e-01,1.418498602641176831e+03,1.136587711325953265e+01,8.729062804498221340e+01
2.781259181495706057e-01,1.393596797533562949e+03,1.087227199272415312e+01,8.878000450551147082e+01
2.780760491314364646e-01,1.304252548821774099e+03,1.053360040051742175e+01,8.903055095296615207e+01
2.780288466786588475e-01,1.244243044033897377e+03,1.023696592065634903e+01,8.582404389034584824e+01
2.779804578258057157e-01,1.184286285979627337e+03,1.006827459545487358e+01,8.659964037356492383e+01
2.779323338698939660e-01,1.194669494294927972e+03,1.004716081776629899e+01,8.792369098869554023e+01
2.778846829865345147e-01,1.160512118264982746e+03,1.000113110579160214e+01,8.620269158382906483e+01
2.778379403195763153e-01,1.071540859282803240e+03,1.024974554574090035e+01,8.413798137708215563e+01
2.777888624527378725e-01,1.155317895669019663e+03,1.045002440006008904e+01,8.855423400751767815e+01
2.777402888019466776e-01,1.117637547442355071e+03,1.055503854214545001e+01,8.602150259188574921e+01
2.776906906924608287e-01,1.182359667318868560e+03,1.056865419420018881e+01,9.323084212613943578e+01
2.776429768605915283e-01,1.025147053594806493e+03,1.051643299770239715e+01,8.364949107877919232e+01
2.775955319856123205e-01,1.057605391496449556e+03,1.035515085755292120e+01,8.046842167969245452e+01
2.775473785828113105e-01,1.050337787042092486e+03,1.022536158110024296e+01,8.646158678101747341e+01
2.775006464195616251e-01,1.050974005698164319e+03,1.030545586739417807e+01,8.691005901298947833e+01
2.774538022805949633e-01,1.129858580373122777e+03,1.030785674336720348e+01,8.320027639513808992e+01
2.774053731245532672e-01,1.138540238930954047e+03,1.036020167456641339e+01,8.366188269842845671e+01
2.773563425921435899e-01,1.044318610647316063e+03,1.031539584633516249e+01,8.344570766747152391e+01
2.773094069893476399e-01,1.151508441825046930e+03,1.030672174036024558e+01,8.856656861995763563e+01
2.772611672461709476e-01,1.064768339948463336e+03,1.039711398561503941e+01,8.480019156423364279e+01
2.772121872727615899e-01,1.166489562502654962e+03,1.034798321107106744e+01,8.761503017820042771e+01
2.771649226713998049e-01,1.189143458117698856e+03,1.040469115808869205e+01,8.106549070384569688e+01
2.771185287377056494e-01,1.158973106437735169e+03,9.995659099095279387e+00,8.489679089942828227e+01
2.770709917928529942e-01,1.258883124663222361e+03,1.007318968281773763e+01,8.174365257471275470e+01
2.770273799205639764e-01,1.345226943441655749e+03,9.994113990501727329e+00,8.332697524314860971e+01
2.771644686300676619e-01,1.434895995149573082e+03,1.025529378074695153e+01,8.580202619828442323e+01
2.773115314996276171e-01,1.506930934597250143e+03,1.045360689367718265e+01,8.652885416180164668e+01
2.778088483438983514e-01,1.568560019141110160e+03,1.205107624716282899e+01,8.045654375305099393e+01
2.785050218391468824e-01,1.298315669604799496e+03,1.392109005583057701e+01,7.942968006688063554e+01
2.792968758552923925e-01,9.898794341887947894e+02,1.594214374827252989e+01,7.630966380780337488e+01
2.801337158931216376e-01,6.503672517944559104e+02,1.755203683038815043e+01,7.081900617922657659e+01
2.809343332705771523e-01,5.551158195152851249e+02,1.883686055210459998e+01,6.853867223250588836e+01
2.817363850800022607e-01,5.259806154574609991e+02,1.980001410808838358e+01,6.660959735014665739e+01
2.825364268527427725e-01,4.961825687651499948e+02,2.032927907951195934e+01,5.892110689871731921e+01
2.833086922140826691e-01,4.752543658151890895e+02,2.014465722187062724e+01,5.889511547956119131e+01
2.839891804847790024e-01,5.307265048130949481e+02,1.904143944582926551e+01,6.324914832921146512e+01
2.844999230982898641e-01,5.559233332512806101e+02,1.792072297330966535e+01,6.902289582379604838e+01
2.850102617405706473e-01,5.975781443131165815e+02,1.728727091538095451e+01,7.070814128294551892e+01
2.854900967168748638e-01,6.377770564342316675e+02,1.691681224686800178e+01,6.994529390531278068e+01
2.859596380948228878e-01,7.173376112932257911e+02,1.689943919274718809e+01,7.439860891996171688e+01
2.866777179567150946e-01,6.798842707805470127e+02,1.816026903430562811e+01,7.459688523609085564e+01
2.874588232952706712e-01,6.475162119055355561e+02,1.952372346470243869e+01,7.232060437640350870e+01
2.881774394085612756e-01,6.150480550060419773e+02,1.989150240125761471e+01,6.467062684444465503e+01
2.888025610766448703e-01,6.705269356722732255e+02,1.995057054339553915e+01,7.279855557723213622e+01
2.892917977154647602e-01,7.883411668317830845e+02,1.916771809976018304e+01,8.255455701673128033e+01
2.896167599411544891e-01,8.560620900522785632e+02,1.789004542249140428e+01,8.310205249554923057e+01
2.897132402642615956e-01,8.222269086354008323e+02,1.584890112356359637e+01,7.466698495347806386e+01
2.897615659748439265e-01,7.465315570404100072e+02,1.431799838685099147e+01,8.158111425570240272e+01
2.897080542641436995e-01,8.062847732649183854e+02,1.309130786218370801e+01,8.323755074182355429e+01
2.896499217096834555e-01,7.931156410239419756e+02,1.198212218598170153e+01,8.447692054899958691e+01
2.895965826434155899e-01,8.687899648311879446e+02,1.120557244591356039e+01,8.392131231128391278e+01
2.895445413331466100e-01,7.833574897858032955e+02,1.055395887666540489e+01,8.248110586626297902e+01
2.894954284937767408e-01,8.238248734956245016e+02,1.005131425558792557e+01,8.374975372847146105e+01
2.894453504190266369e-01,8.370463737795514589e+02,9.990650681982721437e+00,8.656226342967134713e+01
2.893958792880857445e-01,8.566076423874428656e+02,1.000419983553773484e+01,8.326553592173807772e+01
2.893477721854579299e-01,9.232762117293380015e+02,1.000629949267798935e+01,8.976706136564421001e+01
2.892978588496732950e-01,8.832252010147024066e+02,9.995946335268090621e+00,8.339641228821086827e+01
2.892494796216907305e-01,9.030747202743742719e+02,1.008803888359851975e+01,8.705948607037869635e+01
2.892004227270060235e-01,9.695611951299907787e+02,1.000140481505121492e+01,8.672426803824619412e+01
2.891505286830920451e-01,8.897178226122059641e+02,1.006254392237394946e+01,8.163628221777085514e+01
2.891004626354845009e-01,9.387740010905148438e+02,1.007388560537760824e+01,8.415212543001209156e+01
2.890511422563002419e-01,9.799972464875311289e+02,1.014557114011789452e+01,8.776583728922383898e+01
2.890007779926386799e-01,9.252481874422912824e+02,1.019367462850638262e+01,8.554974565486138260e+01
2.889525224177045826e-01,9.981937926912567036e+02,1.022653199021151060e+01,8.216941916835735071e+01
2.889026624981806957e-01,9.651805281308860458e+02,1.024912825562608631e+01,8.352508737766241609e+01
2.888534079330442594e-01,9.653882977698569903e+02,1.026426919611911792e+01,8.440989507207160614e+01
2.888035365397311760e-01,1.028097105734829256e+03,1.027556303558417206e+01,9.000708262317994013e+01
2.887533274653247828e-01,9.031615227630652498e+02,1.015964342727999004e+01,8.370558470570057352e+01
2.887031097015692604e-01,9.556312842779300354e+02,1.035422194926449180e+01,8.813186533118562238e+01
2.886523941589326236e-01,9.937644136873452680e+02,1.040224973911709938e+01,8.507571245460101750e+01
2.886018180934887822e-01,1.044791662581469836e+03,1.023849043880035303e+01,8.482200914526487168e+01
2.885533544310180942e-01,1.011613060693501211e+03,9.998651512354214788e+00,8.863556898251387395e+01
2.885083223559580801e-01,1.047838147085044739e+03,9.998950209680275591e+00,8.821936418061102358e+01
2.885126718182359218e-01,1.027438644799593931e+03,1.007325343778799720e+01,8.693130434822460018e+01
2.886035721925571673e-01,9.549747263395366872e+02,1.046847153644446671e+01,8.527145201588433565e+01
2.887462648493374640e-01,9.602485459183467356e+02,1.093009139886022041e+01,8.568579000028221060e+01
2.890198715140739338e-01,9.892116494463462004e+02,1.184780195272715098e+01,8.009852275050832304e+01
2.893105765739992230e-01,9.557719625594712625e+02,1.256803983194292762e+01,8.162235679415059053e+01
2.897286109072793048e-01,9.718235400821617986e+02,1.363291544935379029e+01,8.348665564929491723e+01
2.900103551158134674e-01,1.039924561717237793e+03,1.392131783103060094e+01,8.615300997124863613e+01
2.903753686216913321e-01,1.111102819194382846e+03,1.434749167584267937e+01,8.145018262345134019e+01
2.907938294287752412e-01,1.238461664983073888e+03,1.498089222123738828e+01,8.627223903883070477e+01
2.913703177388437537e-01,1.306025510649507623e+03,1.596506758987441899e+01,8.120102148092530570e+01
2.919711723254708180e-01,1.418854338476680596e+03,1.676766403207787448e+01,8.005092960344602204e+01
2.926732018761565857e-01,1.409505430160655578e+03,1.770143732938973002e+01,8.245566379025783021e+01
2.932761177761192828e-01,1.476694990817703911e+03,1.809200644716673878e+01,8.702495298317600714e+01
2.938485155857108455e-01,1.578848828736089672e+03,1.801862534197730525e+01,8.468071946014312346e+01
2.946013428395045652e-01,1.444111113667596783e+03,1.853405645000797008e+01,8.392333373170855282e+01
2.952810391806715007e-01,1.464266118783308002e+03,1.884293911389250908e+01,7.740735433655356701e+01
2.958312862016640454e-01,1.430394417220481046e+03,1.858109641064310935e+01,8.469236815522634743e+01
2.962551372131747573e-01,1.477659814025854075e+03,1.783485518673550629e+01,8.469854326971197622e+01
2.965003911403234493e-01,1.369018929707206325e+03,1.635123466299152994e+01,8.979067706842998575e+01
2.967790225726451014e-01,1.114569119505551043e+03,1.560355864706512996e+01,8.015641316516285997e+01
2.968548423779252543e-01,1.024154384801575134e+03,1.432463339008809555e+01,8.318023866440532288e+01
2.969492927617078948e-01,9.661909357625444272e+02,1.366012105089806994e+01,8.297685879729031910e+01
2.969239876697368774e-01,9.913731173329939566e+02,1.271367437571739956e+01,8.562821832494053353e+01
2.968642724796611287e-01,9.057617294361519953e+02,1.182582099597950887e+01,8.569276786560298831e+01
2.968089730896635858e-01,9.195967662641156721e+02,1.109528756150769979e+01,8.424704087450290046e+01
2.967547794216268131e-01,8.752837527718854744e+02,1.054479030330205447e+01,8.865549146016030591e+01
2.967024316851521459e-01,8.750041041533646649e+02,1.022041274376273101e+01,8.624769759572406258e+01
2.966502794682066013e-01,8.527957334762494384e+02,1.031155214187726088e+01,8.472746096379880498e+01
2.965990845716097168e-01,9.029493968568452829e+02,9.997752916871702311e+00,8.426983112222318084e+01
2.965492354006791231e-01,9.159593374169727440e+02,9.990945325938181298e+00,8.126377078080346905e+01
2.964995517671227820e-01,9.017176591165257378e+02,1.000019888942970425e+01,8.410860491259764160e+01
2.964496113801795563e-01,8.778623840183951188e+02,1.001014403995127289e+01,8.173381774003966882e+01
2.963989572062262212e-01,9.162385459460514312e+02,9.990525210688179669e+00,8.562486234474582147e+01
2.963488214456858061e-01,9.037308625411448020e+02,1.006517229020674975e+01,8.196998799631069232e+01
2.962995315051137890e-01,9.591784283077987538e+02,1.000590200720795231e+01,8.619242628360558456e+01
2.962486108821254516e-01,9.284005666005716648e+02,1.000537646908195200e+01,8.660241926564688697e+01
2.961972111439722943e-01,9.718724521459680545e+02,1.026068601756774079e+01,8.628369541156430955e+01
2.961466910182617984e-01,9.259102543551124427e+02,1.000833690339464255e+01,8.469104957495547126e+01
2.960975629742007564e-01,9.733107526456539063e+02,1.003505403770778059e+01,8.538572172909981361e+01
2.960464162633511531e-01,1.029238616933113235e+03,1.001123024710246412e+01,8.991702910833103601e+01
2.959966227415021245e-01,1.036014668871635649e+03,1.004299527447338392e+01,8.399588635193788377e+01
2.959466665933952467e-01,1.051074789501986288e+03,9.999131184447332288e+00,8.647472811130434422e+01
2.958965475987773153e-01,1.002723982456044268e+03,1.028140330691556414e+01,8.553791162782214030e+01
2.958449202477181905e-01,9.995293920265839915e+02,1.001095723563954998e+01,8.052438502303155587e+01
2.957944746815168169e-01,1.104042581562871419e+03,1.007294238680402820e+01,8.447037348038273308e+01
2.957453594983153189e-01,1.027432765915371419e+03,9.995040190477281428e+00,8.324618788398757374e+01
2.956951919869758583e-01,1.085704632486586888e+03,1.016893025103381554e+01,8.479246195951505172e+01
2.956449250730406875e-01,1.113449789430830606e+03,1.035130848969818551e+01,8.230902603349987601e+01
2.956047452000666320e-01,1.055591067706709964e+03,1.028467412663051839e+01,8.048267024188288588e+01
2.955811806695354260e-01,1.116686713264302171e+03,1.016353185166973816e+01,8.675422200708830189e+01
2.955938003018335203e-01,1.080936352157589681e+03,1.000614925989237136e+01,8.197047857317197384e+01
2.956922614599066801e-01,1.156274977700005365e+03,1.015854387737061515e+01,8.529484479843861777e+01
2.957307473546132437e-01,1.071466152394957135e+03,1.010627557594883719e+01,8.133536233804191795e+01
2.957766967704711369e-01,1.192629034035995119e+03,1.010184654283323979e+01,8.273580457183490466e+01
2.959119081206021407e-01,1.240765032365535717e+03,1.036947660977358332e+01,8.429156966960053410e+01
2.960874061079344921e-01,1.333534499316368283e+03,1.077067280766667245e+01,8.397031423604629197e+01
2.961565731875693275e-01,1.464865077406790988e+03,1.065224501776017263e+01,8.620923034535242380e+01
2.964032472290104581e-01,1.464182223045229648e+03,1.122189849018364605e+01,8.658230508103360989e+01
2.966263125062008621e-01,1.488774494080521663e+03,1.153439615788731309e+01,8.392343929324439955e+01
2.967861841425140645e-01,1.427469957547508102e+03,1.146934304838105945e+01,8.500734787947257587e+01
2.969064646794061235e-01,1.565323973642679448e+03,1.127645506735310832e+01,8.521706355869356742e+01
2.971086767621852198e-01,1.536966246483740406e+03,1.143625519154785408e+01,8.290261171318114464e+01
2.978680089510736817e-01,1.537653489392301935e+03,1.386149390613484300e+01,8.066707154329660057e+01
2.983878678717569177e-01,1.513501759202848234e+03,1.466494552082443548e+01,8.085943663475566723e+01
2.991535075496821738e-01,1.634978606365700671e+03,1.604210527885442872e+01,8.484603062836006870e+01
2.995409917577326331e-01,1.496618439018330037e+03,1.569354458243906336e+01,8.015284830138389793e+01
2.997242349816905405e-01,1.547791974078512567e+03,1.462819120474727619e+01,8.977741174036314931e+01
2.998774577557264953e-01,1.527325341730103673e+03,1.369231078079907959e+01,8.784974064546480577e+01
2.998352544529445662e-01,1.430141492955051035e+03,1.240112900965942444e+01,8.480672424240530916e+01
2.998003916714132577e-01,1.319722596511627216e+03,1.151233875448576249e+01,8.100411217999838698e+01
2.997496040653519489e-01,1.342309312901327075e+03,1.060622500157255033e+01,8.814412247393380540e+01
2.996968252352519291e-01,1.238839538326267075e+03,1.012019721188121224e+01,8.697823341343831771e+01
2.996462143157273550e-01,1.278362145846674366e+03,9.993663204534811939e+00,8.364300766594242020e+01
2.995949787628960359e-01,1.287506329076909878e+03,1.023941885070651203e+01,8.321052140267100583e+01
2.995427684572000704e-01,1.334309386655467506e+03,1.026535891341187146e+01,8.573996790647272803e+01
2.994910906262222561e-01,1.278117681455952834e+03,1.000233716602415335e+01,8.423807324893320470e+01
2.994412658776834935e-01,1.360199684371973717e+03,1.009454868287693863e+01,8.514706348026113858e+01
2.993913906892295973e-01,1.251071330657646286e+03,1.015822853695345351e+01,8.254180402002899086e+01
2.993401551737229216e-01,1.363805761671933169e+03,1.020212153552965972e+01,8.820784255570313803e+01
2.992889495250803389e-01,1.255916748065839556e+03,1.007818467664099593e+01,8.440533687933306339e+01
2.992392680144081996e-01,1.373078659048716418e+03,1.011557401244995091e+01,8.655282307527382102e+01
2.991886200182338196e-01,1.267695493328006023e+03,1.014052626701582760e+01,8.556448618965104913e+01
2.991376505348345982e-01,1.248631552022222195e+03,1.012788261443468585e+01,8.296637493809818409e+01
2.990858583027863338e-01,1.200271404294796184e+03,1.011892992501503663e+01,8.307536950183467184e+01
2.990354420491273535e-01,1.225302812398563901e+03,1.008848320003492738e+01,8.190070914108439126e+01
2.989835423751393551e-01,1.248922121930883122e+03,1.013157661815392352e+01,9.248717127782460068e+01
2.989334226661686245e-01,1.239101858144638527e+03,1.006543225335662406e+01,8.751697623874929377e+01
2.988823707805834951e-01,1.220759616675792586e+03,1.017117031949506867e+01,8.697285194784276996e+01
2.988320055707727185e-01,1.197009741917425799e+03,1.008873673037968111e+01,8.220250762757450502e+01
2.987821905266503375e-01,1.217462728989453353e+03,9.999259525128582737e+00,8.679123645915306895e+01
2.987315928806976717e-01,1.210361987376366642e+03,1.048201280834376270e+01,8.272896949128788435e+01
2.986796203334656230e-01,1.294119496869757086e+03,9.996015665359983871e+00,8.754391299186696074e+01
2.986285115334975648e-01,1.359158706097293361e+03,1.006166737854410442e+01,9.383061434076266494e+01
2.985771821703855355e-01,1.271851360863046921e+03,1.012068077825654910e+01,8.332241486381593631e+01
2.985259958516462975e-01,1.273743825521062035e+03,1.034421260876536230e+01,8.774718616639944457e+01
2.985091934728490992e-01,1.291213458423825386e+03,1.011148729156623460e+01,8.541924067615924798e+01
2.985541493203491270e-01,1.271403527342708912e+03,1.000663399461808645e+01,8.184405202708627769e+01
2.986795871436871419e-01,1.350840240214969526e+03,1.031926438595768225e+01,8.493142404622615516e+01
2.990327414219372537e-01,1.394216528290156248e+03,1.153276003257321847e+01,8.282367112626809558e+01
2.994248150457621271e-01,1.426678606120759923e+03,1.263164446569943422e+01,8.609835426067759556e+01
3.000073914311276457e-01,1.186103778550975903e+03,1.420335601369490952e+01,7.747126145351978721e+01
3.008289446879826023e-01,9.240024256582380531e+02,1.665821696564423249e+01,7.637702303799895276e+01
3.015518084270902288e-01,6.581850733700823639e+02,1.778423019811125272e+01,7.450783825330260868e+01
3.024117353379824347e-01,5.164117339946643597e+02,2.024505517606000637e+01,6.858130444035941764e+01
3.031520451555529405e-01,5.371799971310774708e+02,2.113051861453719837e+01,6.788819355352083562e+01
3.038669584108125155e-01,4.982039377960751381e+02,2.081311274226794339e+01,6.592532391570165373e+01
3.046445193970435117e-01,4.979498903974934478e+02,2.160491770634797604e+01,5.988066894687514008e+01
3.054007740606815569e-01,5.074061508057839660e+02,2.199719837180187199e+01,5.461551768134989260e+01
3.061466194983407108e-01,4.678184153409133614e+02,2.177484483253703118e+01,5.714516872282568727e+01
3.068527940902318063e-01,4.602974443895183754e+02,2.073591729185476851e+01,5.146337552421192640e+01
3.075265179802837423e-01,4.747520833008574641e+02,1.961355226876516866e+01,5.544481139220609833e+01
3.082786426626492604e-01,4.774073074587416841e+02,2.002130321578661665e+01,5.483430697254956243e+01
3.089444213702928765e-01,5.038670757171405512e+02,1.985619153256570257e+01,5.776074336779731055e+01
3.095385089074385587e-01,4.907101325669621588e+02,1.837902197232870094e+01,5.601591054488172716e+01
3.098446095066111350e-01,5.046657682716166278e+02,1.598222939906672480e+01,6.277347606099122856e+01
3.100293187948079954e-01,5.455151693424307950e+02,1.438371139845592062e+01,6.842792342031671637e+01
3.101395998802359277e-01,5.363371936914059006e+02,1.333350377915849094e+01,7.738747888000504815e+01
3.102009625317951880e-01,5.334497212200594731e+02,1.244329820393239672e+01,7.508358952640604400e+01
3.102067742939150774e-01,5.600682207724887576e+02,1.172323153522599348e+01,8.080111764536356134e+01
3.101498061448321741e-01,6.105056025821620551e+02,1.094955332248246371e+01,8.308118969863396330e+01
3.100954731651319740e-01,6.318998415106527773e+02,1.045953610122755961e+01,8.405858882295980550e+01
3.100428993550040091e-01,6.595192597607335756e+02,1.001981540017595229e+01,8.487601060684285414e+01
3.099918714993153968e-01,7.037725763395020522e+02,9.994300280700420203e+00,8.810758994416644896e+01
3.099398994012286246e-01,7.020246448770940333e+02,1.030925379258339269e+01,8.471045469661616778e+01
3.098875511552676154e-01,7.206673464211896771e+02,9.992544437875970686e+00,8.272774699237294271e+01
3.098353104786087941e-01,7.100828806113730707e+02,1.023621592935676183e+01,8.369006715132323393e+01
3.097813693064483953e-01,7.363811515252430127e+02,1.000437947946278960e+01,8.454998050282708277e+01
3.097302210833930425e-01,7.882792104078420152e+02,9.994772772008330364e+00,8.458891962606300297e+01
3.096778538485233101e-01,7.597165835393687985e+02,9.997270767236651423e+00,8.434781300069363397e+01
3.096248020210577434e-01,7.756069416917097215e+02,1.002527325518765799e+01,8.764309000303698838e+01
3.095718888147076520e-01,8.185941816570694982e+02,1.000731594124213686e+01,8.190456271790972664e+01
