3.498505951422819713e-03,4.873490257173958184e+02,1.175459377301341846e+01,7.302129146028453022e+01
3.497875094150868207e-03,4.958687648826269196e+02,1.035339381068076392e+01,8.264905721109855108e+01
3.497289716409301454e-03,4.954476062519718766e+02,1.002364980113551773e+01,8.500875834635851902e+01
3.496712028186344228e-03,4.901053405631049031e+02,9.980091441850181155e+00,8.189029379721129942e+01
3.496116308448306460e-03,4.802641960933617611e+02,9.987266917568815572e+00,8.412124549818811658e+01
3.495515889346077505e-03,5.200372690140964096e+02,9.994898429702184117e+00,8.752277884049118484e+01
3.494931280430965941e-03,5.211337405760203865e+02,9.998585719306831265e+00,8.641950724192257383e+01
3.494343111460215638e-03,5.010482501600064325e+02,9.999940350541633549e+00,8.636527868867297286e+01
3.493743534142964343e-03,5.007881620777977787e+02,1.001118277793688804e+01,8.578858011034054698e+01
3.493149705994147772e-03,4.944647349250406592e+02,9.995333514732120506e+00,8.779495194212796605e+01
3.492574845186414804e-03,5.078924057670598700e+02,1.000395281460537511e+01,8.313118422477434422e+01
3.491975320501896317e-03,4.895580770526915444e+02,1.000914095616576382e+01,8.325782295490724039e+01
3.491373507136262110e-03,4.854133527991962751e+02,1.000117501836294842e+01,8.716378088494687404e+01
3.490788264710712428e-03,4.879729116691327135e+02,1.002211518149679570e+01,8.366952165468971714e+01
3.490204804500682441e-03,5.159735288825278303e+02,9.994578471691228927e+00,8.975353312803136419e+01
3.491916333056051779e-03,4.783930028197435718e+02,1.001795192179555904e+01,8.443339220630620900e+01
3.494890521052530612e-03,5.073049769493098324e+02,9.992832278414915947e+00,9.018523207844660305e+01
3.503815305281762511e-03,5.082004583766067185e+02,1.001609172834191064e+01,8.565139275927670326e+01
3.508908240718857426e-03,4.852875602774233244e+02,1.014525065099221024e+01,8.343319009218207327e+01
3.520592664598673743e-03,5.320859551757467898e+02,1.006103685593138053e+01,9.102798062503417498e+01
3.546102438821993261e-03,5.090617774491711316e+02,1.000281380257147390e+01,8.698591735801360869e+01
3.581325600484814003e-03,5.012308982974544165e+02,1.029238934253563009e+01,8.597084747158740470e+01
3.622460447098007144e-03,4.965762318619100029e+02,1.053154284305671418e+01,8.168931487507187228e+01
3.653026394775966447e-03,5.010164755952404789e+02,1.049579224827906287e+01,8.438213927011548776e+01
3.693166424419222320e-03,5.210939466602945913e+02,1.081671552468308306e+01,7.905667833517895815e+01
3.771375297815760756e-03,5.620013940228858473e+02,1.227474652977936564e+01,7.476847320652150586e+01
3.842351116674903606e-03,6.396244259484969916e+02,1.280983874566604719e+01,8.094048758455610937e+01
3.907238245749469763e-03,6.353078813857706564e+02,1.305967617488183663e+01,7.536948278950930558e+01
3.957756751466071435e-03,6.644254924971174887e+02,1.283456665412736086e+01,7.952011594590422305e+01
4.007337359337344307e-03,7.242750080949373341e+02,1.258564276963865503e+01,8.078762191617570920e+01
4.089001606434680344e-03,7.397356663920973006e+02,1.316511036299382198e+01,7.894645784043555636e+01
4.111657983791674326e-03,7.591986164213154780e+02,1.234411400738643572e+01,8.599849385721437045e+01
4.120383784024159862e-03,7.323860452605069895e+02,1.150181177071380390e+01,8.793243481277839635e+01
4.119631797029490484e-03,6.473741463506144100e+02,1.049505521094627980e+01,8.844685846795556472e+01
4.118933260707348040e-03,6.976925502729449136e+02,1.000529742864308957e+01,9.085645853768927793e+01
4.118239571196152977e-03,6.748012422972282138e+02,9.996915804975619935e+00,8.947273251925253135e+01
4.117529574700893626e-03,6.737391015536651366e+02,9.991510906529404323e+00,8.327302526702909802e+01
4.116848867431759443e-03,6.682354632576765425e+02,9.993883694276764373e+00,9.082763518326112262e+01
4.116152712308093244e-03,7.097868091914874640e+02,9.999425678296148590e+00,8.777428155002382937e+01
4.115466390995780807e-03,6.752419932698110188e+02,1.001637564670955349e+01,8.723411403013469112e+01
4.114762226433338332e-03,6.760169534046286799e+02,9.992943362978794042e+00,8.970096230539897419e+01
4.114071345462958114e-03,7.043676851101797638e+02,9.985113069578600786e+00,8.743062191119567217e+01
4.113363209571467040e-03,6.531169706575776672e+02,1.001227552348407812e+01,8.391072569450663821e+01
4.112671596231321294e-03,6.719596846167282820e+02,9.984698294337501778e+00,8.460380614792261156e+01
4.111989190660960032e-03,6.795729595051159322e+02,1.002447022484034811e+01,8.517804690093429087e+01
4.111294969196331410e-03,6.603776775502506098e+02,9.971320636681237914e+00,8.201562467507689291e+01
4.110604864530223793e-03,7.103035093617119173e+02,1.000140390558547310e+01,8.539639250182436570e+01
4.109921629415729492e-03,6.604729733143926751e+02,1.000273916267970975e+01,8.098130986147369015e+01
4.109215255927617903e-03,6.682026075534643041e+02,1.001960756735985747e+01,8.732516513780774403e+01
4.108507688912224100e-03,6.485258371345098567e+02,1.000097702301007097e+01,8.393054241509433666e+01
4.107827528668995393e-03,6.737103987981244018e+02,1.000910721583877638e+01,8.509879151577266043e+01
4.107140816985196084e-03,6.684963674079690463e+02,9.978198118151896168e+00,8.322049068988313536e+01
4.106434731667381148e-03,6.900846685730455192e+02,9.978945509794469260e+00,8.442055227798735473e+01
4.105734322946829641e-03,6.854892465417642597e+02,9.980605920955079924e+00,8.409980539912989173e+01
4.105026533521613508e-03,6.769063338487856072e+02,9.974347973850653304e+00,8.911543012924255436e+01
4.104324231950441833e-03,6.458844928784280910e+02,1.002526542472160109e+01,8.430229661626538018e+01
4.103631171616006941e-03,6.916806534307487482e+02,9.984777346802626852e+00,8.744387397503740544e+01
4.102953492183824408e-03,6.648903220277508126e+02,1.001497356133483940e+01,8.583539248943628763e+01
4.102268091333909246e-03,6.630041664385834110e+02,1.002311506314976342e+01,8.352176257939473203e+01
4.101575141328294219e-03,6.490315380797655962e+02,9.986686395717120135e+00,8.233295719965336446e+01
4.100884293459720019e-03,6.456492178118717220e+02,1.002836464921670512e+01,8.412380008803926046e+01
4.100199884653345922e-03,6.235419767283974579e+02,1.004653279374671193e+01,8.385058536335679946e+01
4.102171038394102943e-03,6.997775050867567188e+02,1.001073157547480008e+01,8.887357639270814502e+01
4.107402041345216762e-03,6.735681743046175143e+02,9.989836559002220895e+00,8.359792819307494938e+01
4.114646621251527234e-03,6.925984755163830187e+02,1.001005778752853104e+01,8.902661205976330905e+01
4.133763916089819822e-03,6.448542811973411517e+02,9.967167087449146479e+00,8.637482696021299944e+01
4.169656805146891750e-03,6.368316047382478473e+02,1.000758531914071803e+01,8.585753692342527188e+01
4.203432158586141616e-03,6.374972080000304686e+02,1.001304004151222315e+01,8.697082686239693317e+01
4.240720033318024461e-03,6.729438761795671553e+02,1.003759053156086445e+01,8.987326903285476476e+01
4.268143128327369848e-03,6.093276609659925498e+02,1.005539625191310549e+01,8.618258102634288775e+01
4.318890434494508657e-03,6.021025135194404356e+02,1.000512292843738749e+01,8.768144704899356157e+01
4.364311382706469004e-03,6.510110450644897355e+02,9.994126379525935633e+00,8.837934431437540184e+01
4.422311072732409455e-03,6.973805989355281554e+02,1.010330877498608615e+01,8.762886453284392019e+01
4.535987159975158993e-03,7.199815552107415897e+02,1.144372787618016396e+01,7.883465591295407648e+01
4.624245967310892762e-03,7.493570762175357913e+02,1.164641651975844638e+01,7.905072137222792605e+01
4.664803362642086851e-03,7.968735947572622536e+02,1.084322116000035763e+01,8.579422725085282764e+01
4.707381332394081942e-03,8.140242814681682830e+02,1.035889944954266539e+01,8.815806519374353911e+01
4.781689723414151057e-03,8.267034515962920977e+02,1.065007660560637426e+01,8.936272640292844471e+01
4.811515111613538440e-03,7.721627632043804397e+02,9.984355670896102097e+00,9.122564984483707917e+01
4.853671847164234103e-03,8.191966360317837825e+02,1.002028904175156399e+01,9.035174195965041122e+01
4.868749291833080611e-03,7.671439771361433486e+02,9.998700375133008578e+00,8.564375750477840654e+01
4.867941433577964959e-03,7.373279875705723043e+02,9.992521293637969038e+00,8.615929048721605454e+01
4.867106592210084307e-03,7.922616435331289040e+02,9.973063240143659414e+00,8.598117627666745477e+01
4.866303383841762836e-03,7.619249172752890900e+02,1.001379583059292422e+01,8.321019918914130642e+01
4.865495690193743367e-03,7.817469124470479755e+02,9.970674583578730932e+00,8.048917253541576144e+01
4.864683688074682155e-03,7.904769887291265604e+02,1.001761569752526349e+01,8.655977264451514941e+01
4.863879523940122830e-03,7.587213850533217965e+02,1.002835716767418006e+01,8.427256142134760353e+01
4.863058316544719220e-03,7.739308542327620444e+02,9.994893363679448584e+00,8.457127034838212865e+01
4.862241023703161615e-03,8.034533009570561717e+02,1.000897915485578338e+01,8.461171908033553279e+01
4.861418900323453973e-03,7.964760344978261628e+02,9.987310299425091742e+00,8.161739598605794299e+01
4.860604093312088231e-03,7.572917207672068116e+02,1.002374959775280239e+01,8.818495818143092890e+01
4.859768555802355949e-03,7.767690426328390458e+02,1.000435542219309326e+01,8.790285614638193579e+01
4.858965817112174609e-03,7.353697548422077261e+02,1.002706386876057287e+01,8.172075030417047969e+01
4.858136140162161269e-03,7.635372331906689851e+02,9.997422399551336269e+00,8.443378849041882006e+01
4.857316161809711874e-03,7.255944417684689824e+02,9.963067844571364517e+00,8.107890791155168131e+01
4.856510330949355241e-03,7.551886648764600523e+02,1.000355628626225801e+01,8.399937708856003837e+01
4.855694643764615209e-03,7.528328931689319461e+02,1.000807860583832110e+01,8.576551335407151555e+01
4.854872787619980180e-03,7.944370072896184638e+02,1.001775647005220016e+01,8.601013614905937743e+01
4.854058124321860603e-03,7.673142895935811794e+02,1.002013752603230934e+01,8.439399273353912179e+01
4.853230005275367860e-03,7.408414046269722348e+02,1.004247339624460089e+01,8.602710191889640612e+01
4.852393405974379965e-03,7.310978256181446113e+02,9.974352058368841867e+00,8.318429634433582009e+01
4.851560411947120066e-03,7.302334238087088352e+02,9.984232749936630569e+00,8.047836382134913435e+01
4.850748149816203926e-03,7.613841607241193969e+02,9.959774239456120171e+00,8.396806172733036533e+01
4.849951756913662738e-03,7.871200728507566282e+02,9.963095981212669372e+00,8.595250873322241603e+01
4.849134493919707821e-03,7.480018876058867363e+02,1.001937340928197884e+01,8.592982740108817552e+01
4.848317560652069466e-03,7.565154757494544810e+02,1.000744911599372955e+01,8.642811823588606046e+01
4.847512901885194132e-03,7.836614410831097075e+02,1.002710196996989467e+01,8.775277509717008684e+01
4.846708458081753872e-03,7.927419805056969153e+02,1.001745340692824016e+01,8.647959728370031485e+01
4.845886167674247520e-03,7.430281172368288480e+02,1.001293751403052390e+01,8.567243647145038210e+01
4.845081248510048691e-03,7.680982753018083713e+02,1.001640000021266808e+01,8.898411707858549846e+01
4.850380293581274364e-03,7.187490450326921518e+02,9.964464840834470039e+00,8.325142404807864693e+01
4.872833383778116083e-03,7.930815731904503991e+02,9.983678444465724056e+00,8.690863403546217114e+01
4.911548816683562746e-03,7.887293449091762341e+02,1.000385717467492341e+01,8.440419574688660020e+01
4.969793762828259888e-03,8.438294395087750672e+02,1.011854671280492823e+01,8.823483251781229342e+01
5.041643101816658569e-03,8.459420298352864620e+02,1.009043620673489450e+01,8.158155126588442840e+01
5.116701300798038796e-03,9.379144500348570546e+02,9.985975231358096948e+00,8.158806893521369830e+01
5.209617292476818526e-03,1.014735371730680185e+03,1.023012858743408593e+01,8.035673528868809967e+01
5.284329617188330760e-03,1.073960883103660080e+03,1.005585072283108516e+01,8.766313788594494838e+01
5.383423608887855094e-03,1.153169430765284460e+03,1.041731822889949655e+01,8.490243913028633926e+01
5.507398646773070151e-03,1.315359325418535036e+03,1.120974493920009429e+01,8.614981265974557800e+01
5.658232407820125778e-03,1.364930108838629621e+03,1.210180617117735657e+01,8.013294980084543795e+01
5.797426488475124554e-03,1.435535114246923740e+03,1.241512936222197006e+01,8.057817134662732883e+01
5.922104504382695415e-03,1.555789675283808720e+03,1.250654552574037481e+01,8.439646069654476435e+01
6.029623015174670995e-03,1.539760525486644610e+03,1.234924072488654545e+01,8.066204313158652894e+01
6.114707767071268958e-03,1.558944908478193838e+03,1.205749794980713929e+01,8.781415941165137440e+01
6.185254776088584296e-03,1.510123784627157193e+03,1.155118653561327768e+01,8.972674847697865630e+01
6.219545234847296926e-03,1.464838460515188899e+03,1.066775653859142992e+01,9.159838652407924542e+01
6.235721557011667318e-03,1.449015386354694556e+03,9.987047795046777310e+00,9.173107117443665004e+01
6.234644124795542079e-03,1.495356415539509953e+03,1.000262484695718790e+01,9.069182667787531216e+01
6.233597935108679301e-03,1.445623831138812193e+03,9.985143812365228300e+00,8.834553504873980501e+01
6.232545850448723522e-03,1.407296788809912641e+03,1.001321334417803044e+01,8.552639889318500366e+01
6.231491235905774542e-03,1.516216561328221360e+03,9.973456066749159632e+00,8.673732445599247853e+01
6.230464747744138970e-03,1.486119416260480648e+03,1.001040396369722885e+01,8.592367431164501568e+01
6.229396681934693501e-03,1.410654462845805938e+03,1.000547843678156923e+01,8.601748488297717188e+01
6.228333926912956939e-03,1.375329424829225900e+03,1.001916125315757888e+01,8.212369193113659094e+01
6.227278081970477434e-03,1.450507928076058761e+03,9.978719081226692822e+00,8.534671388934583547e+01
6.226247655878256078e-03,1.469678709954675924e+03,1.002347666346491373e+01,8.699345033743054501e+01
6.225193508247846980e-03,1.461255188174801106e+03,1.001976980618199775e+01,8.315964056114609093e+01
6.224143472928143385e-03,1.434255515991144193e+03,9.980592997928559029e+00,8.168359210267558979e+01
6.223084540948447749e-03,1.452223964048210746e+03,9.980380076373448262e+00,8.389814172732903330e+01
6.222024160690378149e-03,1.462846595139244528e+03,1.001656919309818505e+01,8.692346862190960621e+01
6.220957830677591865e-03,1.432030715933955207e+03,1.001245413955228081e+01,8.482820925686444014e+01
6.219895686004569581e-03,1.363292225097312212e+03,9.977273746379866637e+00,8.619685965087880675e+01
6.218850453699934985e-03,1.411319289697828481e+03,9.981245308916150805e+00,8.727600675333528102e+01
6.217825346523669743e-03,1.460045557260526266e+03,1.001769799898978519e+01,8.733061848612803146e+01
6.216797387684303532e-03,1.367136946624969369e+03,1.001828843766032229e+01,8.283607191262449021e+01
6.215739245784775852e-03,1.401621302549745451e+03,1.002830458908066014e+01,8.540796787840218940e+01
6.214709114009783937e-03,1.427152618445795952e+03,9.979307626145766719e+00,8.258142347303099484e+01
6.213671809450489747e-03,1.405241853103321318e+03,1.002655347361059057e+01,8.523031264872089707e+01
6.212604999530803654e-03,1.369906055386891694e+03,1.003028911249005972e+01,8.240178970279551152e+01
6.211562116311479878e-03,1.417475342897461132e+03,1.000224816385734705e+01,8.569563420059880343e+01
6.210520189540770855e-03,1.438107995768119736e+03,9.985838270250832593e+00,8.587688108643932594e+01
6.209448230454787422e-03,1.356302767515644518e+03,1.000256303957000448e+01,8.279431790882922826e+01
6.208405468707562519e-03,1.436431381017757531e+03,1.000797887619195237e+01,8.350983693332383950e+01
6.207374493632631177e-03,1.371003360723563219e+03,9.988995601009612813e+00,8.637885677639751236e+01
6.206309948467896367e-03,1.375235124772227891e+03,9.982561807209016536e+00,8.303515610143178094e+01
6.205253896957850859e-03,1.331765753452623585e+03,9.983955751549595803e+00,8.323614668120261229e+01
6.204224499314984695e-03,1.396002848711203342e+03,1.001501811406142650e+01,8.435179385836221400e+01
6.217832060501984892e-03,1.407856887796187721e+03,1.000182007053351008e+01,8.899504974077898112e+01
6.272494174939823898e-03,1.431418020997860140e+03,1.003091410585226839e+01,8.538960157906936388e+01
6.399346872802526634e-03,1.303502409202966874e+03,1.011699830164400105e+01,8.415151014198323765e+01
6.568716057249616991e-03,1.370649045258106071e+03,1.067349408707506697e+01,8.242828982501916357e+01
6.767320540522703265e-03,1.349534595117742128e+03,1.170235112649597120e+01,7.924387838837243692e+01
7.040922695251108226e-03,1.409378939209159853e+03,1.309150843744097870e+01,7.693907312053880787e+01
7.264397939817053736e-03,1.459470632455639816e+03,1.334622078621784880e+01,7.755527037601477502e+01
7.534413072600122316e-03,1.650728720844383588e+03,1.434814096422689289e+01,7.967772204925066148e+01
7.664294773668149825e-03,1.438008823940522916e+03,1.300558896102480766e+01,7.831305711546151826e+01
7.946275405117417950e-03,1.537266006665431178e+03,1.435568591548078565e+01,7.972845125686644963e+01
8.157135819533771828e-03,1.529935191310321670e+03,1.427175585269929670e+01,8.042521774892394149e+01
8.308395685464410596e-03,1.464479990778733963e+03,1.361044061688993345e+01,8.081577513424517178e+01
8.391008043418286474e-03,1.469774243342202453e+03,1.246782714411766158e+01,8.797915895556620569e+01
8.450546465189910650e-03,1.496186868320678286e+03,1.152676764360245976e+01,8.917066751286574799e+01
8.482935778798429000e-03,1.433675795755262925e+03,1.040442991120463034e+01,9.111637959199246950e+01
8.509596836909247980e-03,1.416813510017310136e+03,1.001758270911309268e+01,9.108133241957236237e+01
8.524655620713679147e-03,1.349251462456806621e+03,9.981514544236304687e+00,8.707354629483130282e+01
8.529425387539240483e-03,1.338697813042344251e+03,1.002122602373887084e+01,8.570218872437710900e+01
8.528017799349953132e-03,1.354281275920186545e+03,1.000274196200179944e+01,8.561259390016886073e+01
8.526574163019273733e-03,1.345608872973094776e+03,1.001097641630979140e+01,8.348320253558561888e+01
8.525106979928571624e-03,1.344655660736685604e+03,1.002774859810076435e+01,8.651558530750637033e+01
8.523636515475841932e-03,1.357156197592272747e+03,1.002853561527179060e+01,8.452984016343621931e+01
8.522194951929325593e-03,1.385047780720808305e+03,9.998631637579936893e+00,8.742895996763373034e+01
8.520761043637917892e-03,1.394650236088338715e+03,9.987301117675356110e+00,8.836848576097254693e+01
8.519294364111010612e-03,1.390748273119574833e+03,1.000121155934145634e+01,8.553775514853614936e+01
8.517883516674075450e-03,1.420511317081607103e+03,9.963521664667430500e+00,8.641644520686317321e+01
8.516463174827616084e-03,1.361351470274395297e+03,1.003518582917689095e+01,8.394026891060016737e+01
8.515050965417877288e-03,1.371957208877465064e+03,9.986435945233418821e+00,8.365785245404975967e+01
8.513581220727638524e-03,1.336987456124724758e+03,1.004131014324913096e+01,8.204396247102415884e+01
8.512152103630729258e-03,1.288644897669336387e+03,9.980917121573202877e+00,8.370430532407200985e+01
8.510751556209891072e-03,1.356444888668080239e+03,1.002804590792577777e+01,8.663731391287362271e+01
8.509318033675487836e-03,1.335278387811593348e+03,1.001469896668692350e+01,8.601262195341067240e+01
8.507883627879230318e-03,1.368289414929181703e+03,9.986801171854038373e+00,8.724434619205037222e+01
8.506460052624290752e-03,1.337208963260780592e+03,1.000425411112835050e+01,8.317084543402881991e+01
8.505032939530575778e-03,1.343151067458034731e+03,9.958367867498905568e+00,8.725787019245464649e+01
8.503606101278600449e-03,1.360799379059542161e+03,9.981771256687062888e+00,8.236840279810387244e+01
8.502178137753431050e-03,1.347587181779199454e+03,1.002880133606179669e+01,8.354031314286582699e+01
8.500765418565906298e-03,1.355499335596332457e+03,1.000236913439782427e+01,8.324227811859718429e+01
8.499308720285161933e-03,1.330384878058309141e+03,1.002826170425822028e+01,8.962134287804944677e+01
8.497871963153953018e-03,1.351948882398246042e+03,1.003752862939654555e+01,8.333750773856580452e+01
8.496417477112126748e-03,1.322869049871657353e+03,9.968407214719078979e+00,8.689848365966169297e+01
8.494971607908526068e-03,1.300803246304417598e+03,1.003750436984683070e+01,8.367184724804739915e+01
8.493535596147738786e-03,1.388725525947560527e+03,9.983324757787571002e+00,8.932736989487472101e+01
8.492090858610152476e-03,1.348265213138057788e+03,9.991056342275410174e+00,8.678686812027014241e+01
8.490663233160566231e-03,1.338497171825990335e+03,9.994542350379189699e+00,8.533893729638872117e+01
8.489234616487513832e-03,1.350752317606916222e+03,1.003429763857550938e+01,8.707690340746135860e+01
8.487768471037096182e-03,1.291625434539155094e+03,9.988869986854915339e+00,8.547623022560813411e+01
8.487598943775346780e-03,1.405542025939477981e+03,1.003963957596537782e+01,8.596265209302828225e+01
8.517087386720946507e-03,1.284790505269275855e+03,1.003998704249449148e+01,8.101854571308487607e+01
8.605652519097537617e-03,1.288436631007491542e+03,9.964064570134642196e+00,8.530758398084898886e+01
8.748335812837883252e-03,1.247690485153776081e+03,1.016489008559194573e+01,7.984041224711705809e+01
8.907278482219692373e-03,1.392008647542592826e+03,1.006335761916161609e+01,8.198606870927798695e+01
9.093021419361607682e-03,1.455424887616476553e+03,1.029129094821083790e+01,8.952499735983244022e+01
9.435458959936854698e-03,1.461109392482324893e+03,1.216609058866306903e+01,8.164873333928706245e+01
9.822759990581925865e-03,1.581033616068723404e+03,1.398957431099729654e+01,7.733061954874048638e+01
1.021967262240185137e-02,1.642589701242846331e+03,1.543030166417995908e+01,7.670527109283810319e+01
1.065079073407847188e-02,1.545332413452512810e+03,1.664269995468040264e+01,7.585092177172796823e+01
1.110573315501372192e-02,1.591671009378002964e+03,1.739911540296025549e+01,7.628591741929948000e+01
1.163069316393944286e-02,1.609706587931867489e+03,1.878572871729856786e+01,7.362778567539353958e+01
1.187450496866217578e-02,1.578224948718500400e+03,1.700478980632423998e+01,8.817212830762362330e+01
1.216053016194882860e-02,1.494424596103407339e+03,1.627303839104855143e+01,8.398647058304999291e+01
1.229539388102933277e-02,1.460229545455022162e+03,1.467121846501196636e+01,8.798801210912986903e+01
1.238635390661042661e-02,1.525441400450954461e+03,1.334085559106787677e+01,8.904770220523462854e+01
1.244234675295908046e-02,1.397409765421358316e+03,1.216771105240316508e+01,9.409692360596244498e+01
1.247226135689314709e-02,1.439076983954383422e+03,1.122965980883939174e+01,9.329072002738568870e+01
1.249378085517000893e-02,1.436510081364923280e+03,1.052244251525095997e+01,8.996012002782363481e+01
1.249833391970638780e-02,1.390242929743843206e+03,9.990480642040928672e+00,9.074375802389222656e+01
1.249621249524289490e-02,1.425693277422049732e+03,1.000834005677039507e+01,9.053622006789939292e+01
1.249405760738713476e-02,1.381133238428965342e+03,1.000396732269018507e+01,9.101224913447602205e+01
1.249198143687688112e-02,1.359065123660826430e+03,1.002189017055564690e+01,8.822351125533485572e+01
1.248982833956014359e-02,1.348796506734904142e+03,1.000176784759313797e+01,8.229762133748656083e+01
1.248777408253190155e-02,1.349291232562319465e+03,9.967973120532928277e+00,8.618470757515932235e+01
1.248565442582337016e-02,1.353565948381420412e+03,1.002740122902456754e+01,8.689075579883488842e+01
1.248356244441650373e-02,1.414792553708658033e+03,9.975704827790869089e+00,8.691955897953043575e+01
1.248148424771142531e-02,1.401156709409820451e+03,1.001474200775212786e+01,8.627378128097551269e+01
1.247942542408327950e-02,1.342204083991133984e+03,1.002482362052243658e+01,8.633457851703229835e+01
1.247729760182593461e-02,1.375995598057852021e+03,1.000845328940525825e+01,8.437671464227560136e+01
1.247524027674805532e-02,1.348747374761769379e+03,9.992547035283866563e+00,9.036516430919186860e+01
1.247310183861811972e-02,1.386442712951730527e+03,1.000023673135530444e+01,8.712752887987475958e+01
1.247097041569707361e-02,1.440276119821608972e+03,9.977947150783029073e+00,8.763965800435657627e+01
1.246888049112374053e-02,1.359462778080741145e+03,1.000642083977215613e+01,8.471718987322867633e+01
1.246680348484180585e-02,1.355150002000615132e+03,9.985406218587588256e+00,8.521407854297162032e+01
1.246473837177705483e-02,1.365358203686946808e+03,9.980657730664130867e+00,8.353278431451829533e+01
1.246268222356867669e-02,1.339942686136724205e+03,1.001420992416650257e+01,8.538831366029489800e+01
1.246061538500775091e-02,1.303301785970229730e+03,9.973585577820319514e+00,8.497213862485401137e+01
1.245856439759592676e-02,1.308714384413727885e+03,1.002939466212842667e+01,8.513535180435458471e+01
1.245642821124206406e-02,1.290297093291039801e+03,1.003029524381833326e+01,8.159270731999272641e+01
1.245433437476053083e-02,1.340844985987925156e+03,1.001861077154804924e+01,8.494066232442115449e+01
1.245227862362760854e-02,1.313619175021470710e+03,1.002137285777574149e+01,8.213047616828258413e+01
1.245018496372172351e-02,1.390966736066513931e+03,9.989364247048781564e+00,8.774775236931441214e+01
1.244805336638304949e-02,1.344280134699309656e+03,9.987590673400378094e+00,8.662776475460613312e+01
1.244598589563173340e-02,1.387777703747295163e+03,9.985440025240075457e+00,8.823144371707063272e+01
1.244393264390442760e-02,1.292666162208656942e+03,1.002903142438298190e+01,8.269870851275923940e+01
1.244178587831199292e-02,1.306680785254009834e+03,1.000571499695059607e+01,8.237803972036201117e+01
1.243964864799964980e-02,1.328048399469504602e+03,9.965391091242933541e+00,8.240476276334945283e+01
1.243754933659677389e-02,1.363987591183237555e+03,1.003918247137408493e+01,8.758357493387070747e+01
1.245761518781526508e-02,1.323290032519447323e+03,1.003312042681427485e+01,8.293613646708286069e+01
1.253581819643907747e-02,1.372857438417262756e+03,1.002357868843273891e+01,8.568038846875961667e+01
1.265081007117956589e-02,1.309821253344490742e+03,9.988866804892611029e+00,8.633330286130633624e+01
1.278715732624765254e-02,1.294417619531346645e+03,1.001955186258230412e+01,8.343923010665730544e+01
1.293055005016716455e-02,1.325043959183480638e+03,1.011421391585057705e+01,8.632974866207575815e+01
1.308978692113338567e-02,1.348066957275147615e+03,1.002680447645267670e+01,8.506940827751375878e+01
1.332861443780383737e-02,1.378484861396884753e+03,1.052496060400446076e+01,8.204770726076412757e+01
1.360423938947399186e-02,1.396517133556898443e+03,1.126112235964907171e+01,7.942941945829704764e+01
1.394730940702000946e-02,1.434812924857030339e+03,1.236492059109915154e+01,7.784764734991365742e+01
1.408945805797757328e-02,1.494450029145336657e+03,1.156143572417814447e+01,8.782044795093295875e+01
1.436113739967421164e-02,1.531602729524366623e+03,1.187875013512275757e+01,8.369422378802887863e+01
1.468103959704905419e-02,1.557683581450506381e+03,1.229397345972807187e+01,8.270812206244579556e+01
1.477376486194268042e-02,1.457272021126439540e+03,1.085897320571751479e+01,8.985090294996678040e+01
1.487307731263901901e-02,1.535729293350469561e+03,1.018131692546503331e+01,9.370993010165489068e+01
1.491183008132366053e-02,1.505549507492544535e+03,9.970130567553816547e+00,9.189757965537812368e+01
1.492605052080789134e-02,1.539353499531698162e+03,9.974418068530583881e+00,8.893799269253582906e+01
1.502616259561204148e-02,1.468626281684604919e+03,1.003616009273463128e+01,8.507704718915803710e+01
1.505395006866237957e-02,1.396149894137875208e+03,1.003212818274946905e+01,8.329375815460350907e+01
1.508216876575561513e-02,1.445582307327073977e+03,1.001182701010016807e+01,8.729784151207931586e+01
1.507962348327562471e-02,1.427374808780226431e+03,1.001169062638877350e+01,8.477191311650260275e+01
1.507704231830766378e-02,1.513165098518751847e+03,1.003648090210565691e+01,8.736897763896112679e+01
1.507448334421854219e-02,1.467761206509155727e+03,1.000521602958606948e+01,8.648863752536946947e+01
1.507190191052497005e-02,1.482998858003280930e+03,9.979365690963016178e+00,8.296084475156192184e+01
1.506934269021129730e-02,1.439087192358583934e+03,1.004486130617853057e+01,8.400222091896860377e+01
1.506677991579929987e-02,1.438961538811269747e+03,1.000377779307989456e+01,8.590845045509963995e+01
1.506428167568846926e-02,1.463119616506275179e+03,1.000528772741283490e+01,8.584548409782850342e+01
1.506176184184264584e-02,1.427672975326886444e+03,9.976074295589384633e+00,8.644065010550576744e+01
1.505920265474341296e-02,1.386863800918710012e+03,1.002966257967315400e+01,8.275595762410682710e+01
1.505672207621751649e-02,1.393053292069496592e+03,9.979994572689800947e+00,8.402927412146181041e+01
1.505420195634010749e-02,1.441279795928845715e+03,9.976014081520206744e+00,8.502255370811174373e+01
1.505172489526469815e-02,1.514023781572084090e+03,1.003498684559794718e+01,8.584867627399916046e+01
1.504918142254453930e-02,1.497915703831082283e+03,1.002771980251369222e+01,8.362584024119270509e+01
1.504668533655911626e-02,1.408185920061639308e+03,9.966164742536514964e+00,8.418555289606011627e+01
1.504413026130608892e-02,1.372753062216067747e+03,1.000860105516406051e+01,8.464866919743280960e+01
1.504162870341232451e-02,1.387013884563080865e+03,1.003121456588539750e+01,8.001429286427941179e+01
1.503904509205880244e-02,1.378459525316990721e+03,9.976941081501534470e+00,8.367528365131582291e+01
1.503656493187451905e-02,1.525242874156328298e+03,1.003834186695032749e+01,8.599443563441731442e+01
1.503398196238726545e-02,1.360465402948618475e+03,9.978813384579879653e+00,8.544598308486540361e+01
1.503148416779926874e-02,1.376873544500251228e+03,9.960029492439305798e+00,8.760287103206408688e+01
1.502890579783156336e-02,1.344692062130289969e+03,9.980597428475382671e+00,8.639493859789037344e+01
1.502641409726991270e-02,1.402030656389620390e+03,1.000703102893646523e+01,8.754104064635630778e+01
1.502383932674064386e-02,1.423481330225097963e+03,1.004125442419322845e+01,8.485790960184465348e+01
1.502128984386360416e-02,1.425443979039263013e+03,9.989447928016621958e+00,8.976379347246405871e+01
1.501880598775965324e-02,1.342176171510129279e+03,9.954430812455036914e+00,8.689695128416093439e+01
1.501626617211796952e-02,1.427877486014240048e+03,9.984207233815387994e+00,8.563607034257239548e+01
1.501367779166338373e-02,1.409313767327778578e+03,9.990309274447907839e+00,8.387365060511969261e+01
1.501112395252777836e-02,1.389335572446621882e+03,1.000800007457603868e+01,8.135348279144164962e+01
1.501045966327088990e-02,1.325741155772669572e+03,9.949301259041357426e+00,8.417100080207805490e+01
1.506553817837006509e-02,1.396756814839192657e+03,1.005227718985575613e+01,7.960272088646443933e+01
1.518410664445515867e-02,1.465675291909244152e+03,1.003877960653583123e+01,8.823362566498521176e+01
1.532305177731248073e-02,1.391036558488486207e+03,9.970018184790314208e+00,8.423849147158476569e+01
1.551366421494484310e-02,1.370122256596895568e+03,1.010284583577532302e+01,8.659597427902048139e+01
1.574215829215781792e-02,1.371042614889543984e+03,1.000934797646605823e+01,8.351243795242692158e+01
1.596815367691127585e-02,1.317197879656974237e+03,9.990790187475848683e+00,8.301450077793386129e+01
1.626969273146834302e-02,1.465828291016188359e+03,1.025845456759869023e+01,8.722118082953097939e+01
1.656644953707103740e-02,1.477689348740390869e+03,1.040353407872492753e+01,8.159258906694122970e+01
1.686373242379815562e-02,1.488892354901672661e+03,1.060157057944630843e+01,8.184507741775276202e+01
1.710905560220406935e-02,1.477503722943510866e+03,1.039353508169859630e+01,8.476962394963750569e+01
1.730517617799694208e-02,1.501433195501850605e+03,1.008473603825108178e+01,8.586730469918883557e+01
1.748504004064692016e-02,1.497055990809836658e+03,1.013809201028336560e+01,8.164418084203811077e+01
1.763132497738579760e-02,1.487346108211179398e+03,9.974774485771067845e+00,8.620609562723541330e+01
1.768949582352602121e-02,1.537276632433636223e+03,9.992078141307949579e+00,8.605942609184400283e+01
1.775223905303218580e-02,1.506227941052470442e+03,1.037982348713817515e+01,8.686062734925351947e+01
1.779746765931641828e-02,1.378278530415846490e+03,1.000389509221986728e+01,8.495308931915782580e+01
1.783554879215120195e-02,1.469624338618669753e+03,1.001152139093230709e+01,8.450601946060241687e+01
1.784053128413221057e-02,1.422380138419187460e+03,1.002188633347820179e+01,8.705118076613338474e+01
1.783752125819656684e-02,1.380615484431815730e+03,9.980894349919804398e+00,8.326541035830456394e+01
1.783450450794186321e-02,1.437054617067122763e+03,1.001712332731741029e+01,8.180706461638736471e+01
1.783151694643508173e-02,1.456460736275435920e+03,9.981295266465682658e+00,8.568740494141542285e+01
1.782851156968547415e-02,1.462616966092563644e+03,1.002455510580870168e+01,8.939426058503654815e+01
1.782543984354520786e-02,1.326672540187074674e+03,1.001748125685778668e+01,8.364240951938477053e+01
1.782238435403995375e-02,1.361382530600272503e+03,9.976849426499722284e+00,8.535019763626665679e+01
1.781939914758134610e-02,1.367641813471712794e+03,1.000588719492267842e+01,8.250046527858889078e+01
1.781640847772857777e-02,1.411956181815016862e+03,1.020935881414672686e+01,8.373798427162665803e+01
1.781335830609817941e-02,1.401606830436268865e+03,9.989179317022395921e+00,8.333982130617943085e+01
1.781041790065846994e-02,1.418153675633656121e+03,1.000300098594485476e+01,8.681175897242511041e+01
1.780744964691828927e-02,1.343160265532637595e+03,1.005534034919206476e+01,8.170671960841423243e+01
1.780448672756265727e-02,1.426863978644934150e+03,1.023436633207023583e+01,8.784930299031184120e+01
1.780151028402309973e-02,1.431503909731645081e+03,1.003766559569075589e+01,9.003976439471189508e+01
1.779850817938886942e-02,1.393306637419322215e+03,9.999785026054231807e+00,8.699011150924103219e+01
1.779541412383094448e-02,1.373033181218081381e+03,1.055510911908195659e+01,8.646393972563146235e+01
1.779220014806550190e-02,1.378964556274226652e+03,1.125852178054090835e+01,8.611722340166069500e+01
1.778883178398652648e-02,1.418968706729957376e+03,1.173002057323045300e+01,8.933650443482673609e+01
1.778537742274014649e-02,1.389735228206008514e+03,1.202162852283428229e+01,8.720272903966014155e+01
1.778194061361222655e-02,1.393495510869612872e+03,1.220239881148699190e+01,8.673161879882091796e+01
1.777839618392503679e-02,1.243170210703060320e+03,1.217051204072453174e+01,7.925428869392155207e+01
1.777494570602035015e-02,1.217492988168557986e+03,1.199660765518284045e+01,7.868604279448346972e+01
1.777153568715347798e-02,1.177545056171304168e+03,1.180951389978166155e+01,8.293113733907544827e+01
1.776819773315147302e-02,1.157697394939987817e+03,1.165187820878863967e+01,8.951187054956803024e+01
1.776485673218182459e-02,1.082667457755473833e+03,1.141031038536152131e+01,8.797608010315505567e+01
1.776151734973340640e-02,9.840137182116707208e+02,1.119057377420315369e+01,7.953180192877800891e+01
1.775833368199984316e-02,9.610189350480137591e+02,1.096681609671477275e+01,8.147219371333575566e+01
1.775508498381288963e-02,8.728631129712916845e+02,1.085018127207039562e+01,8.174352206118092568e+01
1.775197527517233254e-02,8.799347990612412787e+02,1.066917427571725696e+01,8.735726662778824902e+01
1.774890841920158391e-02,7.896492393699303420e+02,1.045678300570993002e+01,8.078873941707318806e+01
1.774579995234863358e-02,8.075212138443955610e+02,1.032058100864427885e+01,8.812768037909923180e+01
1.777754288104485547e-02,8.220607624598605980e+02,1.029122610093898516e+01,8.431428600911051774e+01
1.783574546138200559e-02,8.021185134792093550e+02,1.040317734641586611e+01,8.107644224448404202e+01
1.791502205146609100e-02,8.176852723213745548e+02,1.065028226649211973e+01,8.054737598766079998e+01
1.797969936188811846e-02,8.527400577139192137e+02,1.064789556795912873e+01,8.549557190349426605e+01
1.810203198248127102e-02,8.727822569859559962e+02,1.100159135548581801e+01,8.663517248312881236e+01
1.832149043222489060e-02,8.569746878974103765e+02,1.180482774621944841e+01,8.695143739558913865e+01
1.844542599739428315e-02,8.264328450924180061e+02,1.172819740835270075e+01,8.316538288990595618e+01
1.895063647818276062e-02,8.416608816706911966e+02,1.482070738047936764e+01,7.679970684029940742e+01
1.933537372948291450e-02,8.568998027445069283e+02,1.569513345965763484e+01,7.435140489492843585e+01
1.991018544743223748e-02,8.389073998362697466e+02,1.791993743366674607e+01,7.626702675355352312e+01
2.038726987441360702e-02,9.403215935173823254e+02,1.830313735590690172e+01,8.498322243334548887e+01
2.073379727655466631e-02,1.080385777194285311e+03,1.756061656480807187e+01,8.684693887583033245e+01
2.115881597348709051e-02,1.155975545529689953e+03,1.767460604725163265e+01,8.433411317017041142e+01
2.155991089371514166e-02,1.097363311070323334e+03,1.752292642302097647e+01,8.562469296446498390e+01
2.186934760686925702e-02,1.205413434876942119e+03,1.691082586864145654e+01,9.312527683330448269e+01
2.212407272811007380e-02,1.214247169739491937e+03,1.612347381596838503e+01,8.895176871329432799e+01
2.231219332579899642e-02,1.255416435618716605e+03,1.521807280753790437e+01,9.044014958640953239e+01
2.243983739040496944e-02,1.231262065623890521e+03,1.411271283197790538e+01,9.271559150113706949e+01
2.250526564805437751e-02,1.148970163704246261e+03,1.287262114642825317e+01,8.815777805233584274e+01
2.250333108601488760e-02,1.085997098546792813e+03,1.164067203977856479e+01,9.236815371941946751e+01
2.249931691914388437e-02,1.013214125469889154e+03,1.076296251366166778e+01,8.898281904657923747e+01
2.249542691926923257e-02,1.016201668582357001e+03,1.002349681553952543e+01,8.824173581110304099e+01
2.249158899921024218e-02,1.050615263735262715e+03,9.986842351809691820e+00,8.847585264009049411e+01
2.248780993986409377e-02,1.065952630742522388e+03,1.003301947873736388e+01,8.692619730018911639e+01
2.248400607140637122e-02,1.101576944599051785e+03,1.000855039587424322e+01,8.435998212086757064e+01
2.248014645125354441e-02,1.001777265880343066e+03,1.001858887215326277e+01,8.046968856604905795e+01
2.247635857431738021e-02,1.035061924033148443e+03,1.001633571895787611e+01,8.588372085327215188e+01
2.247258068529630823e-02,1.090298566945855328e+03,1.012139278168487166e+01,9.045642094017549084e+01
2.246871190068132351e-02,1.034683646380244681e+03,1.001110884052432937e+01,8.408479461515531739e+01
2.246491640940183679e-02,1.022044222571206888e+03,1.001124270801797245e+01,8.553962852731170585e+01
2.246110770170826540e-02,1.045216854462662695e+03,9.997693286514644839e+00,8.102101483785635594e+01
2.245726347577451515e-02,1.008672736655562971e+03,1.001046556973241053e+01,8.179203039350649362e+01
2.245343206800397978e-02,1.005389292537482902e+03,9.980549974494921983e+00,8.239291580159391515e+01
2.244958900419908102e-02,9.863511632968114782e+02,9.978320246283303163e+00,8.536489502867983958e+01
2.244580650230356550e-02,1.033895493203869819e+03,9.994339982222706809e+00,8.140111394544453560e+01
2.244208086002488778e-02,1.014162741180946682e+03,9.979594707615920157e+00,8.842802855574552723e+01
2.243833594262461401e-02,9.908094828697521734e+02,9.989859887740124123e+00,8.733870077720177960e+01
2.243452356088334113e-02,1.052449628529511074e+03,9.995557841805599253e+00,8.879215897817596215e+01
2.243081779045168547e-02,1.074447157385446872e+03,1.000537704524562344e+01,9.137909715803863264e+01
2.242709623167216115e-02,9.843792815858191716e+02,1.000444344875739766e+01,7.961178367919302445e+01
2.242335582292424856e-02,1.028300543134851523e+03,9.984946404931035246e+00,8.710924714366838373e+01
2.241949788543991934e-02,1.072105772388178593e+03,1.001699980909224053e+01,8.954041430733612117e+01
2.241572193513942379e-02,9.890694370932053516e+02,1.001042365990425331e+01,8.248490362313474122e+01
2.241201782649539925e-02,9.942354200956831392e+02,1.004007888632571976e+01,8.226578854361892468e+01
2.240824803023323125e-02,1.097387229042678655e+03,1.001849339033904052e+01,8.789685906273305704e+01
2.240450425235663082e-02,1.045235520786338839e+03,9.979618350208655286e+00,8.092398677285001440e+01
2.240069526527133092e-02,1.145438726015056091e+03,1.001590160981686140e+01,8.054767424294792022e+01
2.240158724485967132e-02,1.163183771455536544e+03,1.002759229793853635e+01,8.502104984133134735e+01
2.243490604504959005e-02,1.225025622869663039e+03,9.997734593252333823e+00,8.439093371088864615e+01
2.257311377534248001e-02,1.309551572580806578e+03,1.023892855462387530e+01,9.000694862866794210e+01
2.276660502518817325e-02,1.384408933137217900e+03,1.000022829870206387e+01,8.746120089519355645e+01
2.296043823439184589e-02,1.423059412383604240e+03,9.988968964470656076e+00,8.544409802124147291e+01
2.337849878047142810e-02,1.460370784494650479e+03,1.132789427114861880e+01,8.223684259426877929e+01
2.401884418243909608e-02,1.526265546164483112e+03,1.343734865723066640e+01,8.121151603781288486e+01
2.438777705237354584e-02,1.595637803108346588e+03,1.328410709664254519e+01,8.617923594950197241e+01
2.478033262244392493e-02,1.595381633475103854e+03,1.326215417170851296e+01,8.004508618915492946e+01
2.528794512860141341e-02,1.630901673886609160e+03,1.403493673347360193e+01,8.189104667775981738e+01
2.591925585315274158e-02,1.496360761934214679e+03,1.539695726838828449e+01,7.738769954218190605e+01
2.691041391755827003e-02,1.623383977135204304e+03,1.819418151427772656e+01,7.800702993641715466e+01
2.772349053896350918e-02,1.560871545880517260e+03,1.918296913397451675e+01,7.443528367446431560e+01
2.811933179939332672e-02,1.554752832365599716e+03,1.730960997698508663e+01,8.464534314874316578e+01
2.859405438302019264e-02,1.599701180042340866e+03,1.656095454478929696e+01,9.040144422736661056e+01
2.936765948617428568e-02,1.587040655749856342e+03,1.739084978046876984e+01,8.669210953316920154e+01
2.997409229513386258e-02,1.518326381840220392e+03,1.710338527894140981e+01,8.459065945413703957e+01
3.034986703265374688e-02,1.579661482818902641e+03,1.584929335500252456e+01,8.537069440042452584e+01
3.058760570263802103e-02,1.537509727103697742e+03,1.423336598041010959e+01,8.773056771811592114e+01
3.067965848803052079e-02,1.567009695473486772e+03,1.235803918005608892e+01,9.272714403404012273e+01
3.067394066713158979e-02,1.601009355456206094e+03,1.081610560309040991e+01,9.232664894677394329e+01
3.066859544257787701e-02,1.570104331014727222e+03,1.002956039651820142e+01,8.445619839919527294e+01
3.066350924714998302e-02,1.561147348439440748e+03,1.001325854080189615e+01,8.003741937978743692e+01
3.065827699005387388e-02,1.563922845800029336e+03,1.003406126323551284e+01,8.362288752558798421e+01
3.065317506764594913e-02,1.591232121453200989e+03,1.002136637691752341e+01,8.265653112149523452e+01
3.064813050679491419e-02,1.624780968610673426e+03,9.966832720934226231e+00,8.731446055077223889e+01
3.064292912717726802e-02,1.541962207030033596e+03,9.965964888094431373e+00,8.316986644212749979e+01
3.063786781927225339e-02,1.552489226279013565e+03,9.966995967622146679e+00,8.511464180947079683e+01
3.063271127937377755e-02,1.664826666362829656e+03,9.985335092041662364e+00,8.256585183481993795e+01
3.062758125966037054e-02,1.523928711792696959e+03,9.958021062598936268e+00,8.225317162585101016e+01
3.062249035277064824e-02,1.604579817986930266e+03,9.995054876809897237e+00,8.494580072196772846e+01
3.061729332582326449e-02,1.557569686335248889e+03,1.002389417228635971e+01,8.886911452445632165e+01
3.061208326884256800e-02,1.629431898987234945e+03,1.002761591849021094e+01,8.798685081618978643e+01
3.060701414936147294e-02,1.603495791391666671e+03,1.002514505915865328e+01,8.740448985941327464e+01
3.060192795147756439e-02,1.599999347150518133e+03,9.964619027469668211e+00,8.834720202656110644e+01
3.059680541928984018e-02,1.585120126456113439e+03,9.999255587527535738e+00,8.497108251075893293e+01
3.059166414844460835e-02,1.594560072566521967e+03,9.995699905489527026e+00,8.551595061467706671e+01
3.058652748018322876e-02,1.548808419789216032e+03,9.957201721736645084e+00,8.473905210685479972e+01
3.058126444920672427e-02,1.562830800558746887e+03,9.957579467955859798e+00,8.616594482510117814e+01
3.057608395887776928e-02,1.573587909403097910e+03,9.985566272257772269e+00,8.232855228826943517e+01
3.057094395213798624e-02,1.659742082761466008e+03,1.003179569397883952e+01,8.556922513951236908e+01
3.056584969138448002e-02,1.534940086875501947e+03,9.990213657331056041e+00,8.466398423406245399e+01
3.056065572737966599e-02,1.539898620868578973e+03,9.987059872536988792e+00,8.516012422145212213e+01
3.055552187138519879e-02,1.591822716884870260e+03,9.970790408302971031e+00,8.948215105264253566e+01
3.055029492693709867e-02,1.630426789406809121e+03,9.963115133077122820e+00,8.940739945655779763e+01
3.054504645163858348e-02,1.517225792070667239e+03,9.995193981048251075e+00,8.816059023496730163e+01
3.053982154924223674e-02,1.565701090927260566e+03,9.977148405250307661e+00,8.608401446092580045e+01
3.053477514731410547e-02,1.445178057447161336e+03,1.002582748397665391e+01,8.214217224322688082e+01
3.052967879728733444e-02,1.547021608175125039e+03,9.980148923868339850e+00,8.842142501577220060e+01
3.056863858371735784e-02,1.502477457146251027e+03,1.015511632368702877e+01,8.604571663633693390e+01
3.067733691201798493e-02,1.643076656610024656e+03,9.986857688446971082e+00,8.931284358958701830e+01
3.084263821547348836e-02,1.599547764830305368e+03,1.000270280189253214e+01,8.594563068895624269e+01
3.101456967585844091e-02,1.625578114776108805e+03,1.034497213198448229e+01,8.433595389569778433e+01
3.122503343614085533e-02,1.429389707191613525e+03,9.993135543407193566e+00,8.601856204567447151e+01
3.154441276308652536e-02,1.538477510791485201e+03,1.045383144496969408e+01,8.856655018385514211e+01
3.182523686084996750e-02,1.483061850535045778e+03,1.055734792901097485e+01,8.143959492217443596e+01
3.227275161304753864e-02,1.575864146665400767e+03,1.160136603740262373e+01,8.017090990232810555e+01
3.269689564373136348e-02,1.496305767622773601e+03,1.243125362493168851e+01,8.231049326919453790e+01
3.331378882500954375e-02,1.525377430262177313e+03,1.394799300390183738e+01,7.547312561300165612e+01
3.390447212350550243e-02,1.669087349501973904e+03,1.487988480694403925e+01,8.563781480574310478e+01
3.487733373790968816e-02,1.582818004485972779e+03,1.761212750116207104e+01,7.902190226261465966e+01
3.586785020185754430e-02,1.523018289002069650e+03,1.968487439553241813e+01,8.029190232064371457e+01
3.660945950166322183e-02,1.625067808217913125e+03,2.001035161075549595e+01,7.832382484647281728e+01
3.725527424782336394e-02,1.611407499339601600e+03,1.955834113757076054e+01,8.451113964836116565e+01
3.784100551062497680e-02,1.643315828341301994e+03,1.918774281940071802e+01,9.178374471260242728e+01
3.798127216052035737e-02,1.571391726887616414e+03,1.678167551263461021e+01,9.048067890290404591e+01
3.814280390170341623e-02,1.525341476897521943e+03,1.534781696550304630e+01,8.483533033970515191e+01
3.817071525109835828e-02,1.579632211288424514e+03,1.373235337250076071e+01,8.870707860386688992e+01
3.816270344761247407e-02,1.353715138961546472e+03,1.245009532319456014e+01,8.725946895734131203e+01
3.815542181868293581e-02,1.351204977052850154e+03,1.158812606039439252e+01,9.211180653916336780e+01
3.814846516725311359e-02,1.261001141464343164e+03,1.089920555259662471e+01,8.743879765535353954e+01
3.814176123449439931e-02,1.175712277761168025e+03,1.030641111132399423e+01,8.730178010010182277e+01
3.813520576916708260e-02,1.146193693764756063e+03,9.997598907298719695e+00,8.290128465927551815e+01
3.812870732849582556e-02,1.235345517988193478e+03,1.000854435056215763e+01,8.954225616538586507e+01
3.812218736133925895e-02,1.203449729091325253e+03,9.990140343359229291e+00,8.754901180451423670e+01
3.811591696924309519e-02,1.182767141416076583e+03,9.987979956471745524e+00,8.666772946658781507e+01
3.810952778527017942e-02,1.079575565049870647e+03,1.000113906553196408e+01,8.106209911146537195e+01
3.810303686027032011e-02,1.162007271524694261e+03,9.983019183743490288e+00,8.391356704620065443e+01
3.809662112625252645e-02,1.150201195329179427e+03,1.000803991077445865e+01,8.310519841895464310e+01
3.809021206555868178e-02,1.152580731393616588e+03,1.001939520343885626e+01,7.890837828705157619e+01
3.808367598598202952e-02,1.221400825330972566e+03,9.989207491168963671e+00,8.865388115409285774e+01
3.807711888075241552e-02,1.179413898194887452e+03,9.993161731026720673e+00,8.546020742360015277e+01
3.807053770915921204e-02,1.149361354806866984e+03,1.015244990125412627e+01,7.840417008421030687e+01
3.806398826378236400e-02,1.136997584424187153e+03,1.002866539735209983e+01,8.265409242053250694e+01
3.805754208850645887e-02,1.225909701776366319e+03,9.993866080740659186e+00,8.858839991199444341e+01
3.805096835377529824e-02,1.224763727413937431e+03,1.000721413072705523e+01,8.829538336427383172e+01
3.804463169890994617e-02,1.182414522620029629e+03,1.002608928606594496e+01,8.431659883702455716e+01
3.803817904416011142e-02,1.209663637678481336e+03,1.001716693898548094e+01,8.992514785035093894e+01
3.803182653471443714e-02,1.190191070571148430e+03,1.000102422819272618e+01,8.320146263888806004e+01
3.802548107669759259e-02,1.216723667724741063e+03,1.020408996846774308e+01,9.059724033606228488e+01
3.801887356003353508e-02,1.102832905317624864e+03,9.965569039265345097e+00,8.466682442485586080e+01
3.801242954673435953e-02,1.180114351388011983e+03,1.000647514294379015e+01,8.375199355722415362e+01
3.800595113472307607e-02,1.227804106815206296e+03,1.000948303104637560e+01,8.670731264032572483e+01
3.799961734832240506e-02,1.189563665950933682e+03,9.971353369703603420e+00,8.892153788890446720e+01
3.799332729265561537e-02,1.154767328244592818e+03,9.987694585914223211e+00,8.707630789630616164e+01
3.798699021520926533e-02,1.202557709500232022e+03,1.000198932139696417e+01,8.392757503501931637e+01
3.798073841745328028e-02,1.217834218867201798e+03,1.001019538204296744e+01,8.751989673477680753e+01
3.802065595312283802e-02,1.205328974826460808e+03,1.001205986102704948e+01,8.736118099546808935e+01
3.811061575230420551e-02,1.187735752074989477e+03,1.027949864502308408e+01,8.300086868259228368e+01
3.824734817538963383e-02,1.309020468415314781e+03,1.001046870165127523e+01,8.389749304032054056e+01
3.847698447934035787e-02,1.273305695661633990e+03,1.003062271088599466e+01,8.079069407232050537e+01
3.878506787099237491e-02,1.392807611692241153e+03,1.043869986599359656e+01,8.194546917067654590e+01
3.908527232786108974e-02,1.417609049731472851e+03,1.071382934421859012e+01,7.823210801654087732e+01
3.944478219340787073e-02,1.410230050388054224e+03,1.113084797088502320e+01,8.863758087757689452e+01
3.974995344912332640e-02,1.450735929832703732e+03,1.133031258518948370e+01,8.519264479694481906e+01
4.027364636307899370e-02,1.438144174439765493e+03,1.264078407918600888e+01,8.375002627913497122e+01
4.075787260318974176e-02,1.517899544504309006e+03,1.309697931297604789e+01,8.590802611136005851e+01
4.110915643007780063e-02,1.428448877523306237e+03,1.298272792901537187e+01,8.276106270504455154e+01
4.134467308439017386e-02,1.522069354325800987e+03,1.251713193625527154e+01,8.949705306003696137e+01
4.148065311255987042e-02,1.464023945541564444e+03,1.178143641919242590e+01,8.934605598298438167e+01
4.159369529127689147e-02,1.516777537012073708e+03,1.109166129204174212e+01,9.049632820468022487e+01
4.174374112692716410e-02,1.500727428835020419e+03,1.078664179654459332e+01,9.569475130652978123e+01
4.185080841155453674e-02,1.391216983275352277e+03,1.044265207135942752e+01,8.986885420742476072e+01
4.195918443547140553e-02,1.401402820557481846e+03,1.030927470547183589e+01,9.210074824792921788e+01
4.205047741026325669e-02,1.269438021830375874e+03,1.011275128288743730e+01,8.312623822121204853e+01
4.208798529981340464e-02,1.319677050882272852e+03,9.992784692258716461e+00,8.161866416572647154e+01
4.210468613541634014e-02,1.359535365097772456e+03,9.998957105011944790e+00,9.074470482521616077e+01
4.209751283048345644e-02,1.281427228793739005e+03,9.999270105095844130e+00,8.578714713343865128e+01
4.209051497978694156e-02,1.313522927103429765e+03,1.001791756689499024e+01,8.413990349488192066e+01
4.208351224791989642e-02,1.356908569689460592e+03,9.995402632710190360e+00,8.158195296369875393e+01
4.207649337625921082e-02,1.382091227542026445e+03,1.000430572658613926e+01,8.909857957426216046e+01
4.206925373017406794e-02,1.367410055300629665e+03,1.000266131738792552e+01,8.953684153084728337e+01
4.206218272006147230e-02,1.356862152370066497e+03,1.008643419174395461e+01,8.192345017041876076e+01
4.205493187326754534e-02,1.326779905569738503e+03,1.001115841081059621e+01,8.463338345629621529e+01
4.204792839620724587e-02,1.343015582905592055e+03,9.986215691555091922e+00,8.219873999736611836e+01
4.204079393795631669e-02,1.308439960313531401e+03,9.991842546291866967e+00,8.747479822832585228e+01
4.203379907384885428e-02,1.344305351025426035e+03,9.996947696522092031e+00,8.644023198439676037e+01
4.202664123884903430e-02,1.351190088989628293e+03,9.984147851157663567e+00,8.491919379575948312e+01
4.201954642360948566e-02,1.343615694714805159e+03,9.987081742512300409e+00,8.489670773613489985e+01
4.201249473959683955e-02,1.346546330386324371e+03,1.000273166965333083e+01,8.709784938118203002e+01
4.200556551769251551e-02,1.314281965282665169e+03,9.979848003976858450e+00,8.390933239804353150e+01
4.199846637372594421e-02,1.316033613120858490e+03,9.995893791543879914e+00,8.337893979320683968e+01
4.199122045526396813e-02,1.277411934350945785e+03,9.995260177407978119e+00,8.650607530425004654e+01
4.198422457914596090e-02,1.341349472840961425e+03,9.992972695112158021e+00,8.157734127207498886e+01
4.197719933297924116e-02,1.294331695063560119e+03,1.002324967358084074e+01,8.467267874769736125e+01
4.197015232617495178e-02,1.319455470921853248e+03,1.000088984793464952e+01,8.869361770450677795e+01
4.196293434637149433e-02,1.305487435227572632e+03,1.001513797792463301e+01,8.880273745028473797e+01
4.195582146760298836e-02,1.331084222096269514e+03,9.999670906128024228e+00,8.752296272450071513e+01
4.194878731960646756e-02,1.258484223693093327e+03,1.002426050716918304e+01,8.412915897076895533e+01
4.194181059970609332e-02,1.311831966837905156e+03,1.001853271204023166e+01,8.811445507327303517e+01
4.193463746330847175e-02,1.282074240913445465e+03,1.001122986067616338e+01,8.417492765080805839e+01
4.192755001626808503e-02,1.270923760398729428e+03,1.000722367758305076e+01,8.487458128115514455e+01
4.192039677488038768e-02,1.328439729461393881e+03,1.000698359145185456e+01,8.634460079712451375e+01
4.191323928687160777e-02,1.358691801980437504e+03,9.981371341609078129e+00,8.699334180855746013e+01
4.191882743345873991e-02,1.355824410864866877e+03,1.015308761902508827e+01,8.447097511337888420e+01
4.205287296510892836e-02,1.434214049540525366e+03,9.977664275671504157e+00,8.665986399332219037e+01
4.237463932397426275e-02,1.415488276496024355e+03,1.028511531785174782e+01,8.217852788536690412e+01
4.241741447811407661e-02,1.446206556041989415e+03,1.018767669654182306e+01,8.843722984336061188e+01
4.254760326961361250e-02,1.478802004364308004e+03,1.000367890146591598e+01,9.034656687652939411e+01
4.281621900337995862e-02,1.469870083582358120e+03,1.025202670684027595e+01,9.103531361095458863e+01
4.323876421034836270e-02,1.459461429507472076e+03,1.110466109831717318e+01,7.940060028142892179e+01
4.371313111876040658e-02,1.455429029506122333e+03,1.197198010954916114e+01,8.389979574251036354e+01
4.426366237943014231e-02,1.578433276913779082e+03,1.307086483108823494e+01,8.575179465130571543e+01
4.513150230586256140e-02,1.504916647384259250e+03,1.552956464581013130e+01,7.779413470999361380e+01
4.620146245763473436e-02,1.451605859829086512e+03,1.801040680439680486e+01,7.758060111707280271e+01
4.684767371868162750e-02,1.528427927322120240e+03,1.793846996981259778e+01,8.188902325910628122e+01
4.724387918331572622e-02,1.565508850293117803e+03,1.670489062333983199e+01,8.895869491308592103e+01
4.755315201133499675e-02,1.650660699214138504e+03,1.561466644763700096e+01,9.076830505403835048e+01
4.798977452879193278e-02,1.635142294231423875e+03,1.532423091054539732e+01,9.116338333640129576e+01
4.835280990727634093e-02,1.557206558691792907e+03,1.465628054904011890e+01,8.832771408546770431e+01
4.856039554726988144e-02,1.495226566937858024e+03,1.351032211080476486e+01,8.819928654893199393e+01
4.867896574847648677e-02,1.523873101732019677e+03,1.238946395427860914e+01,8.486227812323816977e+01
4.877094733362978551e-02,1.492165279223536118e+03,1.153030217779206446e+01,9.267806416118465052e+01
4.879937975515969556e-02,1.333167729851418699e+03,1.062501649139764481e+01,8.268906228821242621e+01
4.879765299958418318e-02,1.398189738293527626e+03,9.995239678953467433e+00,8.618988737559016045e+01
4.878947578464049029e-02,1.473935819048115263e+03,9.988004914275270707e+00,8.670008341841949573e+01
4.878115920012918161e-02,1.422890914487556529e+03,1.000388124428578607e+01,8.973861348522275705e+01
4.877282768328046469e-02,1.384280881891767649e+03,9.995061115252868333e+00,8.127229158154472088e+01
4.876463623993716745e-02,1.439964122036399658e+03,1.001315231995990906e+01,8.466854007800928628e+01
4.875637906457277321e-02,1.372353623106855366e+03,9.982608754197373813e+00,8.635956435326021108e+01
4.874814270375530528e-02,1.374742103762857596e+03,1.002358526922513526e+01,8.251136504283847728e+01
4.873998531727657957e-02,1.460002870732657584e+03,1.001392714209590373e+01,8.745474461874228211e+01
4.873175301224393768e-02,1.354578603735207480e+03,1.001824287829414040e+01,8.742525527465525670e+01
4.872346303829948322e-02,1.389522829444726995e+03,9.982715743642787132e+00,8.473688329233830530e+01
4.871519422157248591e-02,1.359426435448007396e+03,9.985941879809836053e+00,8.643862062825691339e+01
4.870703255881397853e-02,1.405633659657578391e+03,9.989387550981019714e+00,8.588821690218591698e+01
4.869897633552269095e-02,1.425207247643959590e+03,9.988816599794338558e+00,8.822006296361098521e+01
4.869077322790987816e-02,1.395605299927854503e+03,1.022211438541459216e+01,8.682273131753882467e+01
4.868256463052188926e-02,1.352319212876923984e+03,1.003039196136826128e+01,8.848698984769632148e+01
4.867445703385234190e-02,1.384332836206188176e+03,1.002044751555858326e+01,8.514630995480486320e+01
4.866631969274306385e-02,1.426060176767541634e+03,1.001950391080766600e+01,8.632186154816889712e+01
4.865802726001074163e-02,1.415083427449049850e+03,9.999851779912264149e+00,8.555598295085657412e+01
4.864969198327961930e-02,1.424588388229906741e+03,1.000939115976009042e+01,8.389804370208553053e+01
4.864163207661770238e-02,1.410391072349561455e+03,1.010268236343422288e+01,8.819863395672557260e+01
4.863344394657308917e-02,1.376520853530435943e+03,1.001196615830653158e+01,8.596692054693161822e+01
4.862533268558769106e-02,1.386170906367929319e+03,9.993023765725038032e+00,8.866059536292441123e+01
4.861720903779682273e-02,1.371247070478754722e+03,1.003129648046712674e+01,8.769152502960899653e+01
4.860908280387928049e-02,1.371089140536926152e+03,9.999092374008540673e+00,9.241769984178368702e+01
4.860096051226865665e-02,1.455539729787461738e+03,9.985009418655966584e+00,8.551061896568847942e+01
4.859295802356275451e-02,1.416427434235464489e+03,9.990340203573310873e+00,8.384557506804033267e+01
4.858476318409910705e-02,1.448371898072256954e+03,1.000559868116802242e+01,8.448917937100709707e+01
4.857669996523876488e-02,1.302487999239431929e+03,1.000110113794942990e+01,8.182205323017755916e+01
4.860252751309933339e-02,1.279885875817469014e+03,1.026761481001438447e+01,8.212339904749292430e+01
4.862915341531993951e-02,1.337362629933945072e+03,1.021339150357521675e+01,8.585496461041125826e+01
4.871453686434452923e-02,1.352167509032298540e+03,9.996482204432146190e+00,8.922667223638146083e+01
4.885819955726829894e-02,1.337613057991545929e+03,9.985085229028205944e+00,8.078025101887747894e+01
4.903557977779927218e-02,1.378018676867070781e+03,9.981995822702257826e+00,8.601538193195092674e+01
4.919553792020513877e-02,1.353582362595430595e+03,1.037227787960417658e+01,8.913791138408291204e+01
4.932418783232308396e-02,1.316607330620482344e+03,1.011044074777910673e+01,8.714032641285892566e+01
4.947051807749394681e-02,1.296331081262709404e+03,1.003112887053660529e+01,8.287069446538875184e+01
4.960131623240510851e-02,1.282630447892548091e+03,1.000024787397986437e+01,8.470402126941482379e+01
4.981550005426452904e-02,1.248879511269750992e+03,1.038075495994560526e+01,8.212944143267270647e+01
4.994166167594836503e-02,1.327043479386540866e+03,1.031949146947788876e+01,8.734449726215527221e+01
5.010115420742141529e-02,1.185634014333396635e+03,1.042509760596727020e+01,8.066119818426865606e+01
5.033324919553197607e-02,1.195279208612157845e+03,1.084228297417432252e+01,8.384138880053831144e+01
5.047340307288431666e-02,1.100962812716888948e+03,1.083223361696227904e+01,8.852735021754092770e+01
5.057690175537796207e-02,1.085613211091744233e+03,1.074449801249416581e+01,8.224306797259397683e+01
5.067178910988981433e-02,1.090436518846130866e+03,1.077386557124026112e+01,8.626094780692245934e+01
5.073199787428941954e-02,1.034823878864031030e+03,1.075156036432765916e+01,7.930029656408230210e+01
5.078179874425690910e-02,1.041456090766860370e+03,1.077887641426046805e+01,8.596928107415794784e+01
5.079477551654403011e-02,1.042668023768962485e+03,1.058406076337387702e+01,8.571027120229908292e+01
5.080160505801040172e-02,9.866211419296472513e+02,1.035705565143218188e+01,9.073975147236083671e+01
5.079275221803854212e-02,9.376646664750659284e+02,1.018456733555274063e+01,8.795619840051563187e+01
5.078425335957834769e-02,9.530114582539929415e+02,1.008560637053371067e+01,8.394269554195896887e+01
5.077560123316272878e-02,9.925336945574415495e+02,1.004232244247767269e+01,8.697901226491495663e+01
5.076691108487268317e-02,1.079334270366511191e+03,1.000063308342282120e+01,8.672593745274096477e+01
5.075827319194214926e-02,1.094244589536509920e+03,1.003079423398126657e+01,9.060869164337667314e+01
5.074952904747234705e-02,1.060133812867122515e+03,1.005253727191056612e+01,8.272606347605783128e+01
5.074092237550546086e-02,1.183740066761937214e+03,1.012823739186177008e+01,8.867748649397738347e+01
5.073237689900286090e-02,1.138002134546085699e+03,1.016413193660935477e+01,8.558897778732118411e+01
5.072357715403127271e-02,1.127491002024692534e+03,1.000659402261170250e+01,8.864292201431590001e+01
5.071515506832108972e-02,1.084397533265604352e+03,9.997385554984210998e+00,8.433057113735043231e+01
5.070639749267010638e-02,1.120766570512700582e+03,9.999825727891984428e+00,8.946452380982888997e+01
5.069782682248329120e-02,1.093300337657529553e+03,1.000460766941502655e+01,8.063289353754240096e+01
5.068918192783970766e-02,1.184591703925327693e+03,9.987527486380944453e+00,8.083356852626818068e+01
5.068047096847425048e-02,1.133804279041590689e+03,1.004669557120213241e+01,8.497844988811925759e+01
5.067198247468944483e-02,1.216844318940321727e+03,1.000638638147310999e+01,8.493229125086473630e+01
5.066344712436071651e-02,1.181561589186857873e+03,1.025506699639439034e+01,8.445451951578475303e+01
5.065484121062813205e-02,1.176736391699114847e+03,1.002204860499638173e+01,8.332595287960866415e+01
5.064626398695193377e-02,1.222923026987411504e+03,1.001723897624527382e+01,8.261623921416151006e+01
5.063763059418631418e-02,1.209900684877342883e+03,9.990814119333423449e+00,8.045407500690636482e+01
5.062895712352374900e-02,1.220437661263394602e+03,1.013943153848989809e+01,8.044377672841575588e+01
5.062039510069779591e-02,1.168541796284667726e+03,1.001626177645727012e+01,8.216102802519135651e+01
5.061184314471504214e-02,1.157100545993532023e+03,9.989405299200400989e+00,8.876920771229433171e+01
5.060350876726408403e-02,1.257723214414281301e+03,9.984415213628270891e+00,9.124410828152622344e+01
5.059507618817495056e-02,1.201892918867456956e+03,9.984779560605264948e+00,8.566397933743205328e+01
5.058663511409011715e-02,1.215620687199585745e+03,1.001802386597808159e+01,8.744947743417203867e+01
5.057802486048407209e-02,1.127059548839381932e+03,1.002295151446583965e+01,7.940712935279175611e+01
5.056960113323755862e-02,1.245384326637472668e+03,1.000672624355190088e+01,8.671385823618619781e+01
5.056105914831546255e-02,1.250034553485019387e+03,9.979850118255988889e+00,8.710052399511272370e+01
5.055884487192435078e-02,1.288833736035596075e+03,1.008662876112783024e+01,8.074021155514321890e+01
5.057243147788626630e-02,1.240579020091009852e+03,1.005768404773782443e+01,8.394513848752428942e+01
5.073013156827633346e-02,1.346581874777943767e+03,9.966314219921118323e+00,8.624683313250004346e+01
5.088923537507898665e-02,1.213757816197638249e+03,9.998909005080204082e+00,8.094842966381202132e+01
5.098585159365093267e-02,1.274183717490084746e+03,1.011943203045482775e+01,8.221794956913046803e+01
5.113486752004147567e-02,1.338551282675631683e+03,1.001270028636312404e+01,8.551171603351981787e+01
5.150051590381696243e-02,1.289138652271906267e+03,1.017493690454946531e+01,8.034951882295621317e+01
5.202696565569648463e-02,1.389692594720668922e+03,1.120057136653430163e+01,7.959998865515638045e+01
5.263525189785520086e-02,1.314380633584408997e+03,1.255662666990749621e+01,7.716002404440568796e+01
5.308770589058040001e-02,1.441625379104752255e+03,1.274223322304983874e+01,8.767090886226530699e+01
5.405534188833614750e-02,1.369462338574998967e+03,1.579654367389001379e+01,8.536768987652935436e+01
5.530910197814864482e-02,1.250794955894233226e+03,1.927037600472691636e+01,7.530985150508826109e+01
5.638277882414020892e-02,1.034462887378101186e+03,2.014157663572713375e+01,7.412477044896637324e+01
5.732220267058794894e-02,8.039793679565517550e+02,1.997281432017103242e+01,7.318011089175963946e+01
5.819768376385749120e-02,7.769564246077275129e+02,1.991167301149020474e+01,7.453388419416079103e+01
5.895629348810443177e-02,9.186983392467598151e+02,1.979218889423959737e+01,8.780058736136946607e+01
5.960333900185014327e-02,1.110060755617269479e+03,1.898401882278858821e+01,9.073629603031189106e+01
6.008874160661920732e-02,1.177158173816702174e+03,1.763233550962851481e+01,9.311080758647125322e+01
6.041299409438505297e-02,1.293169372453767437e+03,1.598927435197042080e+01,9.044280591507202871e+01
6.057463287070257579e-02,1.475902582458312054e+03,1.412277344914469701e+01,9.535894901536399004e+01
6.057910575752774307e-02,1.430119169100500812e+03,1.200390953790246407e+01,8.899077688197773739e+01
6.056801028830812589e-02,1.359021379757572959e+03,1.055247474657480922e+01,8.703602750900280682e+01
6.055767417224094257e-02,1.519670721188989774e+03,9.994971567381153221e+00,8.737264814982353300e+01
6.054755664455999109e-02,1.585586783885881005e+03,9.979016073539625609e+00,8.539508702957004971e+01
6.053741331970446254e-02,1.526181373796144499e+03,9.992592473648345575e+00,8.728872763928207235e+01
6.052741037755454689e-02,1.556998883864130221e+03,9.978386661909178557e+00,7.922994164957341923e+01
6.051732709465833249e-02,1.522295608995476641e+03,9.972781446741430855e+00,8.070428940000213913e+01
6.050732545803193252e-02,1.664621644289496317e+03,1.002190885711955026e+01,8.890392836567707491e+01
6.049715949011003763e-02,1.598884744097959128e+03,9.977139811966411642e+00,9.182908661919903182e+01
6.048698662376868901e-02,1.592495709295859797e+03,1.000412229185471702e+01,8.670998655687216683e+01
6.047696661780572330e-02,1.591973861040057727e+03,9.985324945325961821e+00,8.735342509455253435e+01
6.046672093451780500e-02,1.551466030056018326e+03,1.001164547523364234e+01,8.380449524661528926e+01
6.045658176823187624e-02,1.572355082619174482e+03,1.000120503677742256e+01,8.592948474857516317e+01
6.044613275989132312e-02,1.663483502528432155e+03,1.001279759588502571e+01,9.005140230125661560e+01
6.043597283449026608e-02,1.538077802411459061e+03,9.990194155478100413e+00,8.200689177324213119e+01
6.042555087083666815e-02,1.566334096951751917e+03,9.986212906181343385e+00,8.206982367754639540e+01
6.041511245977152639e-02,1.548750322631766721e+03,1.003309186112557860e+01,8.746020761595940485e+01
6.040474597444716459e-02,1.557020068721869620e+03,9.967271256471979868e+00,8.808689594863730576e+01
6.039444740553039787e-02,1.556885413379961165e+03,1.000847702647609694e+01,8.634834947511392045e+01
6.038432171793602088e-02,1.587805389244352455e+03,1.002510240062037106e+01,8.563801103349078403e+01
6.037398237203749768e-02,1.587892362250156793e+03,1.000505643785178833e+01,8.831361748165589631e+01
6.036389711084984289e-02,1.552986253564138906e+03,1.001287186529226680e+01,8.779293614042867944e+01
6.035387616944075384e-02,1.625713489437065391e+03,1.000416948388211935e+01,8.668274934557859979e+01
6.034388256023458241e-02,1.549125752719234015e+03,9.998503377029713590e+00,8.554762708649074909e+01
6.033357022419554017e-02,1.536200924053597419e+03,1.002749960884233538e+01,8.341243006009817407e+01
6.032360220919402716e-02,1.548933604070622096e+03,1.000071615293372140e+01,8.497803004043952058e+01
6.031360868771005329e-02,1.555147688420435543e+03,9.982259191788559249e+00,8.911067171130935094e+01
6.030319270051899549e-02,1.560595846605539464e+03,1.002290494882752370e+01,8.374125135522324115e+01
6.030566124325165839e-02,1.523800427228387434e+03,1.000426098992986468e+01,8.524506164338021108e+01
6.038274339625723797e-02,1.491654333805759961e+03,1.001523138734343199e+01,8.740438047219770112e+01
6.042974120703707708e-02,1.551580920702502908e+03,1.013654297759299894e+01,8.406557158905425808e+01
6.065062944270884632e-02,1.498841411956789671e+03,1.002409467664760712e+01,9.014233473900860361e+01
6.093724154873748911e-02,1.541103234087395094e+03,9.976811174881758504e+00,8.849245516107842491e+01
6.143138094788730408e-02,1.436919708693896609e+03,1.078445961735455683e+01,8.319741877355536985e+01
6.209004242736409357e-02,1.390811048816185121e+03,1.229332449867106014e+01,7.836935304948546843e+01
6.272608477775186431e-02,1.397304037355537503e+03,1.312297647490698260e+01,8.476657483634751600e+01
6.316871855215618059e-02,1.437707590143196285e+03,1.299395042199042116e+01,8.468241058352201378e+01
6.352898555834304850e-02,1.492534803954981044e+03,1.269441233660990065e+01,8.832123271648740115e+01
6.405634846978673635e-02,1.529729991879089766e+03,1.333501680212584084e+01,8.891174479804749353e+01
6.518056276795769488e-02,1.434668368496645144e+03,1.656881037504907894e+01,7.897135557162606290e+01
6.629326000576572786e-02,1.431234655429526583e+03,1.855196289759529193e+01,7.734325845901639696e+01
6.733687970209528695e-02,1.444235988002175873e+03,1.975882490975314809e+01,8.047688981677015363e+01
6.840156383130892304e-02,1.141628029670883507e+03,2.081581883179651982e+01,7.338739088322832060e+01
6.905943734876722473e-02,1.166348022065721580e+03,1.958562987229797159e+01,8.568526042389777331e+01
6.973413383108886809e-02,1.263136775556806015e+03,1.890972485971141026e+01,8.372263969578648357e+01
7.021921629884174398e-02,1.272406816681293094e+03,1.762592037129982003e+01,8.956803657550884168e+01
7.055754972093325472e-02,1.351433506946013040e+03,1.621540807501632742e+01,9.249909282142461109e+01
7.071393002676594486e-02,1.429603918763071079e+03,1.450279455757198832e+01,8.942047555752152732e+01
7.071557406492103015e-02,1.432354229614478072e+03,1.246856052063338893e+01,9.225625849396467970e+01
7.070244181156408458e-02,1.434179982173885264e+03,1.096012350963147242e+01,9.563864711221907555e+01
7.068991547236383455e-02,1.395777904295674261e+03,1.001077483103496490e+01,8.339630349585075919e+01
7.067826932931013661e-02,1.568324072149761832e+03,1.000119329913948185e+01,8.636391815009253037e+01
7.066651149983356472e-02,1.465199513578676942e+03,9.982290969561788074e+00,8.668529079190747666e+01
7.065481209064278234e-02,1.473984130143933953e+03,1.001845257511828180e+01,7.764773327344910570e+01
7.064317523322120873e-02,1.538569348785814100e+03,9.983390372305940730e+00,8.840356266309792943e+01
7.063135578598525588e-02,1.478710963439626084e+03,9.999125428163026186e+00,8.583272253749387914e+01
7.061931266982554578e-02,1.475615064866208286e+03,1.010634156269585127e+01,8.770410644827232716e+01
7.060755864096043832e-02,1.487117298734150836e+03,9.983426662444962574e+00,8.446732011426018971e+01
7.059539345265694599e-02,1.537110538132505553e+03,9.971976887037012460e+00,9.616401245924662078e+01
7.058334225096739301e-02,1.562736773371035952e+03,9.988943432315739557e+00,8.747514655848549125e+01
7.057161000435210885e-02,1.437290117101650139e+03,1.000039008161113330e+01,9.208684966697673246e+01
7.055988045341037018e-02,1.566685978263958077e+03,9.990383438905665159e+00,8.677938857533816019e+01
7.054772415083661319e-02,1.540607220586331550e+03,1.001013477007507824e+01,8.627141367378358439e+01
7.053592999672084196e-02,1.459881535156756399e+03,1.002667372295556625e+01,7.952742524876572361e+01
7.052423453818543186e-02,1.557827134734679930e+03,1.001187797707453697e+01,8.358825735330815121e+01
7.051212887067224988e-02,1.475407162210137585e+03,9.985354844496372451e+00,8.358186824507524193e+01
7.050022201477494643e-02,1.550554861712643969e+03,9.986297437374059172e+00,8.246994606781655079e+01
7.048816754958649178e-02,1.467222553734132362e+03,1.002421238744327248e+01,8.701270450599723461e+01
7.047651405554115900e-02,1.489052853438441389e+03,9.968839638682309712e+00,8.710724698330099613e+01
7.046436254712580560e-02,1.496716142875965033e+03,9.995659508354192369e+00,8.390545776477347317e+01
7.045222959143689068e-02,1.512649261229736112e+03,9.987532937526983901e+00,8.021557547409376809e+01
7.044040809183327312e-02,1.494124152829664808e+03,9.973351216862631929e+00,8.012810795411404285e+01
7.042831379291514260e-02,1.518890133488923311e+03,1.001976807140099091e+01,8.608678291889847856e+01
7.041643250883182492e-02,1.526293517348695332e+03,1.002729026277524227e+01,8.514916348144176084e+01
7.040431503017441361e-02,1.503283391219704981e+03,1.000949562797707770e+01,8.657339021851761629e+01
7.039262624198279472e-02,1.528167956406214671e+03,1.001875228887545788e+01,8.804990485719555693e+01
7.046940099296054860e-02,1.504352439085078004e+03,1.003434003953719866e+01,8.909593658835019880e+01
7.066430400415757429e-02,1.486409283661790369e+03,9.979842987736656568e+00,8.298534827848894224e+01
7.091218759747669464e-02,1.450378238403520754e+03,1.000047197711677072e+01,8.599906783151340051e+01
7.133111269887280892e-02,1.521088393937551245e+03,1.016173593674706055e+01,8.465957554763978976e+01
7.186472414437122813e-02,1.515072460127839804e+03,1.081722582607194916e+01,9.037217222428363073e+01
7.271608859421005433e-02,1.398329272486150330e+03,1.285689420893548984e+01,8.338779560165858129e+01
7.332836693566217867e-02,1.466902514255808455e+03,1.348020388185155838e+01,9.044751744821154205e+01
7.396906391436397499e-02,1.399283306726046476e+03,1.415240796364682296e+01,7.947441577851756733e+01
7.495826894807103291e-02,1.505229243090553609e+03,1.632066427546860510e+01,8.220556401246778933e+01
7.596110611584479255e-02,1.542847230872079308e+03,1.809803290641364626e+01,7.679623015898039284e+01
7.693397213449766625e-02,1.444595418315937877e+03,1.922847653843721005e+01,7.726578674135021174e+01
7.788998377605496626e-02,1.442660078875032468e+03,1.996267548973609252e+01,7.997107218111790417e+01
7.821240287097994126e-02,1.493579650664285964e+03,1.827874115696224067e+01,8.353791382165326240e+01
7.879124156378390642e-02,1.485193894220306447e+03,1.795231839458017831e+01,8.427295229258277232e+01
7.958559801894612984e-02,1.592295884842030091e+03,1.884659640491649668e+01,8.153244324157765277e+01
8.037698338920849783e-02,1.560886766956190286e+03,1.953368870052759476e+01,8.324325461426987260e+01
8.110081102405891640e-02,1.648310373932725724e+03,1.990253768736290496e+01,7.927950295661977975e+01
8.164998759837638342e-02,1.544899178493751606e+03,1.943565532156295816e+01,8.051835925860609677e+01
8.182350923786121943e-02,1.660085177528007080e+03,1.761991493784164220e+01,8.831876101889251629e+01
8.188367348662040079e-02,1.376905780444119500e+03,1.594791719141744935e+01,8.699396731431404817e+01
8.188004995032882594e-02,1.452620374974704873e+03,1.460265841273231224e+01,9.371492214046472213e+01
8.186185315380473115e-02,1.404292815429367238e+03,1.344905435022001150e+01,8.519664107588951651e+01
8.184497704905432935e-02,1.409441935505210495e+03,1.256754224233250916e+01,8.292618272799670365e+01
8.182918214613418839e-02,1.342931190568830743e+03,1.187405029272867196e+01,8.467622810296728630e+01
8.181361482595984891e-02,1.281654533276015854e+03,1.134964214072244815e+01,8.742311452259956184e+01
8.179844160018984178e-02,1.342005447044899256e+03,1.092121942231325882e+01,8.982517965899690182e+01
8.178377274708671651e-02,1.137657109662380208e+03,1.045396086314049633e+01,8.449362771338464029e+01
8.176955152044271258e-02,1.122553255724210203e+03,1.005141251328430307e+01,8.235842309149693108e+01
8.175561122072322329e-02,1.094874954231232095e+03,1.042004948201991610e+01,8.144438535575312699e+01
8.174157633030038062e-02,1.074651228585141553e+03,9.996452328458232728e+00,8.384113954194062046e+01
8.172792822969029980e-02,1.161053785822766258e+03,1.016447917166977710e+01,8.902082596356481758e+01
8.171391949260528587e-02,1.118276935415073694e+03,9.997874607179914719e+00,8.615404002456214982e+01
8.170027264429935432e-02,1.135055839364131316e+03,9.989257888448456413e+00,8.134000335190678754e+01
8.168672650009516090e-02,1.119357714436501510e+03,9.991318506794549137e+00,8.822523086097785949e+01
8.167266523252945942e-02,1.128120717592680649e+03,1.029426900635620079e+01,8.235744184255602818e+01
8.165902955763083837e-02,1.101453084795434279e+03,9.985362616118099055e+00,8.207421125734678924e+01
8.164511946639456397e-02,1.088684115711298318e+03,1.000125038390235410e+01,8.234223952326993867e+01
8.163098558534276350e-02,1.077627330658195660e+03,1.006594096447491182e+01,7.946270874440060084e+01
8.161720802628631699e-02,1.127703969691472594e+03,9.981844318813417161e+00,8.279222281344320322e+01
8.160372356926977322e-02,1.122058699319728248e+03,1.007843907220186352e+01,8.338186948639327056e+01
8.158958777389878347e-02,1.140741523402985877e+03,9.994419001942807412e+00,8.743617990339404855e+01
8.157563091387808052e-02,1.168884084777123235e+03,9.961843587322460891e+00,8.533812080461464689e+01
8.156176840906255443e-02,1.191495558024608954e+03,1.003636798420033216e+01,8.693785246684642232e+01
8.154782657206809116e-02,1.123376434703655832e+03,9.962224883891428462e+00,8.621674510876901820e+01
8.153380814356663009e-02,1.276191522375181876e+03,1.001955445744184203e+01,8.797196211885214723e+01
8.152012881638176500e-02,1.227981913824813091e+03,1.001878270701338458e+01,8.004590326868972738e+01
8.150648910822509696e-02,1.304121357459654746e+03,1.001360465712857994e+01,8.644931678202659953e+01
8.149305082444316395e-02,1.324422695668583174e+03,9.979885315123004474e+00,8.704605560360084837e+01
8.153718631885228940e-02,1.321877284595933133e+03,1.000056868842028379e+01,8.727302945223405573e+01
8.173296794815113064e-02,1.332223520977684075e+03,1.002452158033250385e+01,8.488301399181129625e+01
8.207616382248814069e-02,1.328241586981108640e+03,1.003751726023079804e+01,8.612137737691529082e+01
8.260275777374748163e-02,1.381560992935753120e+03,1.114360510175387375e+01,8.726538500990821490e+01
8.326042947564661623e-02,1.296430920949986557e+03,1.257559606708815103e+01,7.826831524335695178e+01
8.399942114080226341e-02,1.386096900786217475e+03,1.415953952956769513e+01,7.798122496073025900e+01
8.479308572307911462e-02,1.438018606372783552e+03,1.559096311322972639e+01,8.100759453587930636e+01
8.575203664821628990e-02,1.374089655505508745e+03,1.736719563463463700e+01,7.874284682182640438e+01
8.674900438376828560e-02,1.203422941816226512e+03,1.891536124437602595e+01,8.279787955218615991e+01
8.773295428238345184e-02,9.250111344204824491e+02,1.992178141591514517e+01,6.661632149259085622e+01
8.866167305022727707e-02,7.090309334135778272e+02,2.050627308375649349e+01,7.055966387493290881e+01
8.944450992572085257e-02,5.651283094156023026e+02,2.032228167522418616e+01,6.077413336131837696e+01
9.018059778379200475e-02,5.448967563818199551e+02,2.003652438204913366e+01,6.389973112485705542e+01
9.082765164271633385e-02,5.453059908364855346e+02,1.973627185756771141e+01,6.097659646024327884e+01
9.142770384772552772e-02,6.047239593684125794e+02,1.952394086974497611e+01,6.668664376749607925e+01
9.188607197818197958e-02,6.150787164669777667e+02,1.875839524049165163e+01,7.198362899846598850e+01
9.229344341825368447e-02,6.891541482623042612e+02,1.808881749128307348e+01,7.655629768361482945e+01
9.267066833341955356e-02,7.786022532846928925e+02,1.773807466452108272e+01,8.332952646540219632e+01
9.313073358458980044e-02,8.591130498854629423e+02,1.804887906652635010e+01,8.446799405467474742e+01
9.340030714748411012e-02,9.792551521642797070e+02,1.732625173879451808e+01,8.426985643607537213e+01
9.343696602863374445e-02,1.012330929161308063e+03,1.578113733346766345e+01,8.405046356876563607e+01
9.341487028322838226e-02,1.023023508005799044e+03,1.445108014679927777e+01,8.705267398936075551e+01
9.339460429135799935e-02,1.051644584192807997e+03,1.341850542507430077e+01,8.129044297624508886e+01
9.337478591959055829e-02,1.082449516506273312e+03,1.255575754905176566e+01,8.911080112342148141e+01
9.335626947186033420e-02,1.044597793960545232e+03,1.199951938438070442e+01,8.418771215930618723e+01
9.333878711154339203e-02,1.094338714973833930e+03,1.162185106021733816e+01,8.500380940313667111e+01
9.332122822316013533e-02,1.012735433494602944e+03,1.130790745540013020e+01,8.393315964301496024e+01
9.330441445217491081e-02,9.899211072668500719e+02,1.095902321262160228e+01,8.625745517904564963e+01
9.328800404912432342e-02,9.657954258889418497e+02,1.068807705566355715e+01,8.288630624993753315e+01
9.327147353914852501e-02,9.181656545798822435e+02,1.040601137084773065e+01,8.717082502901851626e+01
9.325563867217301350e-02,9.301822916586543215e+02,1.026788403602285982e+01,8.289482482088723714e+01
9.323948723540603778e-02,9.093881813716657234e+02,1.004973982167421731e+01,8.594670910926943463e+01
9.322379000214954525e-02,8.944940775730353835e+02,1.006580414050405992e+01,8.373051175307242033e+01
9.320802472782854786e-02,9.000929103343190718e+02,1.018118411293102277e+01,8.178480664114658794e+01
9.319244350884048345e-02,9.242150941587802890e+02,9.998015113595657866e+00,8.014049258052557434e+01
9.317652031440690208e-02,9.526141849602448701e+02,1.038567806338837940e+01,8.547705400395112463e+01
9.316027757194474124e-02,9.318306114898688293e+02,1.000178566584253304e+01,8.640060057675221117e+01
9.314408147009621552e-02,9.833041845183730629e+02,1.024271351125292995e+01,8.706946731729937028e+01
9.312834349246354448e-02,9.302521746852248725e+02,1.000503245723485080e+01,8.719214544958066426e+01
9.311249682796034211e-02,1.000022521600482833e+03,9.998353795626851337e+00,8.955691741247474624e+01
9.309677541417299418e-02,9.381212827863321309e+02,1.027753839392815394e+01,8.676240342915782833e+01
9.308087917281392121e-02,9.201100787133145786e+02,9.988387129111155005e+00,8.463195536795844021e+01
9.306492125473754540e-02,1.022392131348536850e+03,1.009442174734162556e+01,8.773120919928707906e+01
9.304877528023942912e-02,9.838241903623410280e+02,1.042474007111218626e+01,9.169049018092272263e+01
9.303254845843229870e-02,1.030100125875797858e+03,1.000651433729433393e+01,8.805711905010863916e+01
9.301713140535576574e-02,9.935661587099951930e+02,1.000107965629681850e+01,8.768108152224664309e+01
9.300157022640166693e-02,9.256885892206195194e+02,9.996763789341120088e+00,8.516764683915585010e+01
9.298553353045019287e-02,1.004766515713225658e+03,1.025268078744449518e+01,8.708116704718295864e+01
9.300540174493350520e-02,9.766651069999736592e+02,1.000781488076723136e+01,8.390617517554328231e+01
9.315549567578369772e-02,1.036915909206258448e+03,1.014173935999646403e+01,8.243255938826261797e+01
9.343676579603849008e-02,1.029600683624569228e+03,1.081446716912851791e+01,8.452397849423651621e+01
9.354086687478459228e-02,1.074888097771289040e+03,1.063991284784278513e+01,9.147402543027610022e+01
9.368627334018787833e-02,1.137312852707543016e+03,1.063788122656446866e+01,8.406901029905829148e+01
9.419464621292764073e-02,1.109507903816747785e+03,1.214189122116427200e+01,8.235534077469849024e+01
9.452941602808251353e-02,1.172336879792805121e+03,1.263812163721368087e+01,8.464336478293124344e+01
9.489083267198751559e-02,1.145649567603269588e+03,1.313287058588757539e+01,8.146210758019908837e+01
9.532465262645231641e-02,1.128579039415656325e+03,1.388671041467814327e+01,7.635431669234705510e+01
9.555977872765188119e-02,1.142060085492581493e+03,1.353100945686120937e+01,8.399868180718694077e+01
9.564088296095303587e-02,1.185869443631036347e+03,1.256859328807664866e+01,8.259246005209256225e+01
9.621631570576909265e-02,1.223152953562677340e+03,1.412172492400753754e+01,8.683499037740627102e+01
9.675112158637748372e-02,1.170184935559585256e+03,1.513320259372905596e+01,8.717551421333114092e+01
9.732748934607249325e-02,1.199165462069848900e+03,1.593914492544500838e+01,8.214751031168961504e+01
9.810220109044610892e-02,1.222645557231611065e+03,1.747858965064685322e+01,7.699310201056536584e+01
9.889989846358084036e-02,1.163370090836890085e+03,1.869216665561280522e+01,8.152932832394938600e+01
9.913052619424661538e-02,1.295986473156427564e+03,1.735354606226228569e+01,9.030070224578938110e+01
9.923325776481017879e-02,1.303478866998734929e+03,1.592362198006095220e+01,9.251889178053309593e+01
9.951537643642978381e-02,1.245759440585324228e+03,1.549769098407336898e+01,8.546603491287771703e+01
9.965532576770461115e-02,1.363714880331962604e+03,1.471639413178450972e+01,8.713960826309305219e+01
9.966365836199787831e-02,1.309753965211525156e+03,1.364366395122821807e+01,8.921624166291113056e+01
9.964227184603217935e-02,1.170371995014547792e+03,1.275309668309663991e+01,8.670902301105658694e+01
9.962272736788398142e-02,1.140482103781872411e+03,1.203542490001545318e+01,8.476161665167987280e+01
9.960340048945622027e-02,1.077115432991368380e+03,1.157053019191305587e+01,8.597291319506355478e+01
9.958535782475505527e-02,1.068381108899921855e+03,1.107330697708873046e+01,8.568780050606891052e+01
9.956765906573547542e-02,9.616398138718718656e+02,1.040503595052254582e+01,8.366835824706022606e+01
9.955097791941470986e-02,1.030590661647765273e+03,9.993491586843894936e+00,8.873154262366377054e+01
9.953387626251572473e-02,9.835563789820240572e+02,9.993213664191799239e+00,8.437888704722014666e+01
9.951744425769880331e-02,9.739716675534028809e+02,1.001206991442149530e+01,8.396061582501268106e+01
9.950046104028047178e-02,1.009390038910377598e+03,1.021662159082788612e+01,8.517759827269276229e+01
9.948385247297562850e-02,1.049607660689823206e+03,9.987978690086784184e+00,9.072367973669091157e+01
9.946713688762268135e-02,1.033925759956463935e+03,1.013647268618340824e+01,8.425573683510849321e+01
9.944994877990058491e-02,1.009868027663222165e+03,9.978480195881353154e+00,8.785317307650591090e+01
9.943312148807835482e-02,9.985271068374837569e+02,1.015374953835944005e+01,8.480939583115285529e+01
9.941590614556461425e-02,1.068604695675790254e+03,1.000888623296274638e+01,8.997309489226357471e+01
9.939924522869776624e-02,1.008408238454788261e+03,1.000122275707842334e+01,8.651021898881494110e+01
9.938248620694027646e-02,9.905872295356125505e+02,1.000852294258960740e+01,8.452049156332154212e+01
9.936570160475645397e-02,1.034504889674006563e+03,9.992671428912130338e+00,8.819861604200249872e+01
9.934927781241338629e-02,1.045291823377447372e+03,1.001633116207626273e+01,8.261815996181981347e+01
9.933260492894663285e-02,1.008693757524815510e+03,9.971704268400765514e+00,8.551070792449330327e+01
9.931589297653886650e-02,1.064507374708113730e+03,9.972298055526076510e+00,9.113810579115741461e+01
9.929929210332005818e-02,1.057567602790202500e+03,1.028288468370543463e+01,8.201908584488498377e+01
9.928261988332909294e-02,1.023425588766245482e+03,1.000218365954249577e+01,8.007730795170172655e+01
9.926586808960299879e-02,1.159655364021775313e+03,9.970568478369555621e+00,8.748154006493953716e+01
9.924950417592667828e-02,1.188429519063243106e+03,1.003586957076993968e+01,8.746749735033536410e+01
9.923241866369375552e-02,1.183413055801413520e+03,9.970926779058187250e+00,8.668125365167509244e+01
9.921593841507536649e-02,1.193743241583412782e+03,1.002752203705266965e+01,7.965635577000846013e+01
9.919932772800317544e-02,1.200756253493595295e+03,1.002978189028188893e+01,8.243744781956345946e+01
9.919664464232337553e-02,1.257678324586872122e+03,9.965616439459751064e+00,8.390012510199774454e+01
9.927687811942732810e-02,1.265804649757141533e+03,1.008211438147885453e+01,8.393618142468983478e+01
9.949918914055586039e-02,1.293641397600588334e+03,9.975743351685622429e+00,8.194306892269526088e+01
9.998793347605530735e-02,1.231858756775108077e+03,1.049744312968270954e+01,8.500460013550618044e+01
1.007471816584447205e-01,1.205911604022318443e+03,1.209180949186947096e+01,7.951076504728445116e+01
1.016011686574974787e-01,1.154957409695753768e+03,1.403647905504027626e+01,7.894454871807658947e+01
1.025309563900143189e-01,1.100869217492397638e+03,1.587215697227381916e+01,8.171066109276415546e+01
1.035639656251240714e-01,1.154346052947899580e+03,1.779606531549758586e+01,8.985519307449419557e+01
1.046332658943478350e-01,9.048739432706623802e+02,1.945043248644071809e+01,7.250539238729960800e+01
1.056243002865465824e-01,7.848431307558621484e+02,2.012455128781685332e+01,7.256421797019149267e+01
1.062503560671427261e-01,8.411232976523290290e+02,1.887108716750143955e+01,7.996304482443484574e+01
1.070491598169505398e-01,9.824088993303610096e+02,1.929712559044198628e+01,8.254840993624070222e+01
1.073874545662407420e-01,1.130592585629548466e+03,1.742563667120131043e+01,8.582016826795387487e+01
1.078580716376160570e-01,1.302687428663516130e+03,1.660234523741445045e+01,8.615344072321020974e+01
1.080581981860426893e-01,1.259027980349787867e+03,1.474763295636856597e+01,8.786612958511675231e+01
1.085746856634787899e-01,1.417460238630853837e+03,1.488794244242824227e+01,8.180058896109447630e+01
1.092644604755376864e-01,1.437215833742546693e+03,1.600680843206883708e+01,7.977101452587434949e+01
1.098231451804962538e-01,1.436597442399739748e+03,1.612241987961042256e+01,8.276426780142021755e+01
1.101913761991543256e-01,1.428061103236181452e+03,1.528426031182286238e+01,8.161918409929874940e+01
1.103751031578989600e-01,1.525945872221734589e+03,1.396427903980758778e+01,9.016264794747458211e+01
1.103946671863809542e-01,1.427308770869819682e+03,1.229050644379034374e+01,8.831534055587900411e+01
1.103740017814845153e-01,1.349628122583703316e+03,1.083101040023378303e+01,8.871988855365725613e+01
1.103552381443587277e-01,1.410287616177360633e+03,9.985956806181011558e+00,8.779865189712482731e+01
1.103364979056530443e-01,1.364172460887659327e+03,1.013524482417500217e+01,8.449761769910512044e+01
1.103177415906060749e-01,1.365573918285325135e+03,1.001954047174964835e+01,8.390460949439614069e+01
1.102989089933669037e-01,1.448692127146999610e+03,9.998709438003912098e+00,8.236071788677938343e+01
1.102803700768080902e-01,1.429656641330121374e+03,1.000129855032917270e+01,8.745956573277442203e+01
1.102620415689624656e-01,1.395005305710156335e+03,1.002499339448531401e+01,8.803152353616047776e+01
1.102435542882013869e-01,1.383695067955585500e+03,9.996224564665766366e+00,8.708551969566123319e+01
1.102251867343340408e-01,1.440766339848389634e+03,1.002018300241107696e+01,8.676061121535434495e+01
1.102070088890346189e-01,1.384785100952064795e+03,1.000332991536430960e+01,8.697501661651128302e+01
1.101885111664831080e-01,1.450139202594919198e+03,1.002121467497929430e+01,9.071256394088854336e+01
1.101695988177973234e-01,1.375451885056568699e+03,9.981024974422350482e+00,8.228557349200926296e+01
1.101509026134038643e-01,1.485883399496775155e+03,1.000617270223416355e+01,8.804168017912058986e+01
1.101325007320426569e-01,1.443196656978621604e+03,9.978485240891769692e+00,8.618185733529661263e+01
1.101139019453794693e-01,1.493687628201702864e+03,1.000615935199267348e+01,8.816355200560070671e+01
1.100950070340501324e-01,1.331352831550939982e+03,9.978764725129382285e+00,8.352718625200621716e+01
1.100760091935781421e-01,1.421647402765825518e+03,9.995528120019633533e+00,8.239944296870218921e+01
1.100575203456875817e-01,1.387342570738878976e+03,1.002568549348240090e+01,8.520872350212941626e+01
1.100386302297060720e-01,1.433041385847484435e+03,9.980597485203448471e+00,8.676643621591507838e+01
1.100198354776424775e-01,1.385557716597240187e+03,9.971872307698490090e+00,8.218800265444909314e+01
1.100015566582657478e-01,1.426483354624937874e+03,1.000914102581175769e+01,8.402408574660158536e+01
1.099827756023578629e-01,1.461850223249766486e+03,1.001072221501808812e+01,8.473627103190906951e+01
1.099644531041306383e-01,1.424453128612103683e+03,9.966069812179087606e+00,8.692896614394703647e+01
1.099457795633368290e-01,1.360452829193592379e+03,1.001702395349388297e+01,8.689217637892153334e+01
1.099269373895138124e-01,1.432487773107070097e+03,1.002507544796053551e+01,8.622462006009726565e+01
1.099084503142379876e-01,1.446990924070521714e+03,1.002496022205373016e+01,8.663221975552157517e+01
1.099066729488603344e-01,1.387651431761223648e+03,1.000509313895486940e+01,8.286862298035121910e+01
1.099880468956353219e-01,1.463189885991310348e+03,1.001031179695151785e+01,8.748651705981438909e+01
1.102216399131285135e-01,1.384973504630225307e+03,9.996965388252581519e+00,8.592817875617004120e+01
1.105571434928400987e-01,1.318404852819481448e+03,1.007691244199537373e+01,8.242270635456850414e+01
1.108732565477782844e-01,1.336913495520444030e+03,1.000097841136393129e+01,8.414539952002408540e+01
1.113373243097262322e-01,1.343124883088083379e+03,1.059055921733969008e+01,8.670286652255759918e+01
1.116039735670239785e-01,1.310490018952622449e+03,1.027344946337159470e+01,8.946078728936410585e+01
1.119221125859026084e-01,1.351498929236729509e+03,1.024159441148863969e+01,8.451221699203848914e+01
1.123229470864023083e-01,1.375058682098663439e+03,1.063719998391808907e+01,8.083568657869365381e+01
1.126001946952720073e-01,1.234936180151058124e+03,1.045186162262898044e+01,8.244576603022080974e+01
1.127679562494653120e-01,1.287536915646027182e+03,1.009692981869612183e+01,8.465279204961321113e+01
1.129693821434773482e-01,1.386143806835458236e+03,1.004893431602886089e+01,8.667045957620705110e+01
1.131570284561332906e-01,1.238311266366933523e+03,1.035710864049895363e+01,8.210674398116675832e+01
1.132979247054923533e-01,1.198059574490642717e+03,9.999153711398649946e+00,8.760921422666295655e+01
1.133622009085241827e-01,1.184342293929478046e+03,1.004006715702317010e+01,8.571022499830897345e+01
1.135580776092349753e-01,1.221897438280340793e+03,1.018158041406466374e+01,8.716685654766988023e+01
1.136523924486299020e-01,1.088764962104483175e+03,1.002195338464827756e+01,8.536271078306491233e+01
1.137182626236237781e-01,1.126453158529388020e+03,9.989450577705776269e+00,8.985072011966532557e+01
1.138431458909011373e-01,1.097270226062631082e+03,9.960951383376434265e+00,8.384319306567098806e+01
1.138512976662277160e-01,1.086662799294590513e+03,9.989926829395157526e+00,8.141209191177806304e+01
1.139400183362808405e-01,1.086305193973755195e+03,1.000640171475682116e+01,8.358518480872952239e+01
1.139441722366521387e-01,1.068679127002147425e+03,9.985226165201607884e+00,8.196504593828552743e+01
1.139246096854543838e-01,1.104023775143927196e+03,9.978679334805313772e+00,9.073373126701790170e+01
1.139053650689707681e-01,1.051290044970360896e+03,1.001526131346217419e+01,8.037889119820277983e+01
1.138858174911695220e-01,1.137653731249203474e+03,1.001174317507539335e+01,8.839456996563870916e+01
1.138663541910314297e-01,1.100532195517241234e+03,1.001356294256446056e+01,8.605613729990811578e+01
1.138475224606735892e-01,1.074526655201492531e+03,9.997590515509456210e+00,8.331087440381352849e+01
1.138282753225690752e-01,1.045828350733539082e+03,9.995210983428636453e+00,7.948592076757303460e+01
1.138090500527141335e-01,1.090541823282120049e+03,1.000886276567851318e+01,8.265861467119378858e+01
1.137903114342700833e-01,1.085662221255154918e+03,1.002273092030189972e+01,8.444145811234378129e+01
1.137710013789770269e-01,1.054843645376462291e+03,1.002295397266850330e+01,8.234722068453181976e+01
1.137517768726417355e-01,1.038600043343913285e+03,1.000554528631130502e+01,8.750730473899010065e+01
1.137325038011781225e-01,1.081292085671307177e+03,9.976329904738927112e+00,8.759150748786925078e+01
1.137136148477783520e-01,1.042011255266952276e+03,9.989759186449887807e+00,8.385126474437099375e+01
1.136942036800011047e-01,1.116919495897483102e+03,1.001282772378372421e+01,8.487769966587806891e+01
1.136752387358692939e-01,1.069916596723523753e+03,1.001197720385044754e+01,8.458218601644705359e+01
1.136560072435208318e-01,1.096815700617924904e+03,9.994936539656501751e+00,8.374390512373811646e+01
1.136364476709182947e-01,1.130528830684176683e+03,9.961531662615264793e+00,8.601066638531685271e+01
1.136174069257191999e-01,1.133576719087245237e+03,1.003315544377155177e+01,8.956025646932799589e+01
1.135985556141583391e-01,1.095321714799043093e+03,9.982760215588266206e+00,8.031918290480663813e+01
1.135797265680945356e-01,1.063074352087206080e+03,9.991406756480726514e+00,8.542512224910136354e+01
1.135609702638183810e-01,1.095055251773688042e+03,9.997447475335421885e+00,8.271016884506479983e+01
1.135422071811897637e-01,1.108215980974803642e+03,1.000291135284107114e+01,8.583785906117012132e+01
1.135234787086040059e-01,1.107757130952889383e+03,9.973239422720030944e+00,8.315232462916438294e+01
1.135039738725534819e-01,1.124829841435679100e+03,1.003338981532599661e+01,8.803613821563257602e+01
1.134846991104916519e-01,1.097772751751629357e+03,9.990770432516692168e+00,8.532585329625132431e+01
1.134659065899078084e-01,1.139258012090445163e+03,9.976384644188854622e+00,8.460986361032063030e+01
1.134468375664625522e-01,1.135485753334633728e+03,1.001716944431068335e+01,8.228107563237853128e+01
1.134274903247366878e-01,1.198663858707140662e+03,1.004019600795649758e+01,8.865171143429030565e+01
1.135379486044634234e-01,1.136045238798249102e+03,1.001724514974163149e+01,8.153960393938041307e+01
1.136660216950853425e-01,1.157141066577081119e+03,9.981318459736511883e+00,8.488065029918973892e+01
1.138277792438026764e-01,1.233618013249130172e+03,1.003121850862787667e+01,8.498194928882058719e+01
1.140202777324115790e-01,1.242450099006723576e+03,1.000584783300151770e+01,8.353933430704609009e+01
1.141884280973443355e-01,1.317820234124178342e+03,1.001397531340319169e+01,8.758101508710149119e+01
1.145947193292079502e-01,1.351066077796927175e+03,1.002948752691439083e+01,8.764547741392624403e+01
1.151451865456183665e-01,1.316047790442706400e+03,1.068661914340273711e+01,8.539544308146824392e+01
1.154094927429975825e-01,1.406769621719418183e+03,1.012499788337985684e+01,8.188684293247868595e+01
1.160591648079021820e-01,1.456251664494328907e+03,1.146501477126805213e+01,7.707200841739064856e+01
1.165920751246546233e-01,1.501524519576080593e+03,1.185144074508548329e+01,8.470392801272829786e+01
1.170335092040485359e-01,1.573806063908710939e+03,1.191455884701738199e+01,8.542923523167300459e+01
1.175893745569007165e-01,1.623904111226205714e+03,1.250391548880411463e+01,8.569137142667435114e+01
1.184011024901603093e-01,1.576800730301405110e+03,1.394600899364543523e+01,8.103559228636163425e+01
1.191440534877038354e-01,1.706605131558117591e+03,1.480744849664517560e+01,8.369554640614761354e+01
1.198514658818270739e-01,1.569907112475091935e+03,1.549059146637696216e+01,8.304849999265105964e+01
1.201792393123057717e-01,1.561342007911956898e+03,1.412166722439195965e+01,8.718828001783869297e+01
1.204753970773742300e-01,1.577949978462316267e+03,1.301755859122249248e+01,8.853999363931986011e+01
1.207228625086920609e-01,1.478367440707488868e+03,1.218552255176764199e+01,8.291705374576454801e+01
1.208769468892274129e-01,1.560315834667385161e+03,1.136272822847128694e+01,8.206761492553894755e+01
1.209284511134269963e-01,1.491236484349607281e+03,1.033864075260018112e+01,8.696343372586181886e+01
1.209320298794761689e-01,1.504241764096959969e+03,1.002012825759849335e+01,8.874230678773264458e+01
1.209118575257814576e-01,1.559874179608899567e+03,9.990559314360504928e+00,8.931298171783544149e+01
1.208919284936538358e-01,1.437705756385237009e+03,9.993289833546038281e+00,8.891236071881317571e+01
1.208713724642348220e-01,1.183017518749060855e+03,9.999456845640374070e+00,8.061455326839663371e+01
1.208506626006462525e-01,1.128739839775423206e+03,9.982124658082993207e+00,8.565689537765561568e+01
1.208307473460198400e-01,9.116573639846251353e+02,1.002334423227176252e+01,7.997888399885967203e+01
1.208104639046291284e-01,8.846549237248427744e+02,9.991605299037443544e+00,8.016541392805625321e+01
1.207899372736620236e-01,9.026460111284793584e+02,1.003056514129974452e+01,8.126065281605771418e+01
1.207696439117180859e-01,8.533104604201282655e+02,1.002015518149531204e+01,8.285432521365574132e+01
1.207488926339101570e-01,9.491527403637521729e+02,9.983832536274524827e+00,8.669541154652655734e+01
1.207288372351886935e-01,9.500905676161307838e+02,1.002676496320551003e+01,8.171583557356639460e+01
1.207088982810387290e-01,9.655250394870598711e+02,9.979163317941738498e+00,8.198766832227053669e+01
1.206885074988450074e-01,9.237599754877928717e+02,9.975765551968317268e+00,8.138311484198375467e+01
1.206685332108627939e-01,9.351237287014411095e+02,1.001751945229392327e+01,8.712878981755136465e+01
1.206485562691999164e-01,9.098134086486957131e+02,9.998832222401260239e+00,8.413359853509078334e+01
1.206280355208158156e-01,8.772661642069679147e+02,1.003271106251776779e+01,8.371480010028035679e+01
1.206073832912379629e-01,9.487653526689281307e+02,9.967858657001041678e+00,8.810072147442976132e+01
1.205874192609766998e-01,9.075209463559745018e+02,1.000572896594215599e+01,8.933383231704610239e+01
1.205674097538695366e-01,9.582311100450498316e+02,1.002022215076891420e+01,8.815541017805622914e+01
1.205468453059150707e-01,9.864921997831706904e+02,1.003793400650332401e+01,8.803118614297983413e+01
1.205269177674365005e-01,1.001998541294353004e+03,1.000499058015177312e+01,8.768888432240569841e+01
1.205068321408969412e-01,1.018635159819785372e+03,1.001636237671010221e+01,8.686350666381727592e+01
1.204867982318179043e-01,9.993313803483579250e+02,1.003191379441311248e+01,7.822283091986194847e+01
1.204667458682059100e-01,1.040735824265484780e+03,9.993328191594283538e+00,8.627727416786679271e+01
1.204469333618300858e-01,1.061856156436617539e+03,1.000140209271847169e+01,8.753904398561587641e+01
1.204262392432118856e-01,1.074333076530944709e+03,1.003678045600297963e+01,8.317599163181402844e+01
1.204060157521215924e-01,1.015923730667058976e+03,9.999437437839814535e+00,8.315010734633310108e+01
1.203861202217411247e-01,1.120906449746149519e+03,1.001307433307324857e+01,8.572439918540655412e+01
1.203829471687555414e-01,1.138852611545180935e+03,1.002595481189391435e+01,8.414305229982635126e+01
1.204179473965224095e-01,1.112673010160623789e+03,9.992469125633352434e+00,8.511267090859490736e+01
1.205057169662856614e-01,1.287304959765769354e+03,1.000464699225295462e+01,8.678947153679011706e+01
1.209571991084688880e-01,1.244181821070202432e+03,1.070160674509471477e+01,8.211883965499225724e+01
1.215354157010529595e-01,1.196183657412565253e+03,1.117005366075130546e+01,8.136338987268509015e+01
1.221018894726450116e-01,1.172144390116592376e+03,1.165457598059849786e+01,8.206548726179691755e+01
1.228558240891389625e-01,1.219914032108556512e+03,1.317794703517868271e+01,7.670241907333715403e+01
1.238605367736783230e-01,1.209036063356244313e+03,1.565431422746354606e+01,7.351291685131261033e+01
1.242801443658418381e-01,1.398047556894087847e+03,1.447115909710774773e+01,8.708597209440893039e+01
1.250146578876113190e-01,1.523873525318713064e+03,1.492101898830146389e+01,8.172046423618733968e+01
1.262200854508092052e-01,1.513701897979011619e+03,1.774607835676494005e+01,7.792539352569879441e+01
1.270293362716770069e-01,1.454871199986783722e+03,1.732802256427811827e+01,7.693355222105969915e+01
1.272648925718090629e-01,1.551568262004980625e+03,1.513089405599732729e+01,8.910902029573078664e+01
1.275835364727817556e-01,1.597058867830714007e+03,1.376411152769223101e+01,9.044091272329978892e+01
1.279920807234233848e-01,1.646723013749148549e+03,1.323269287439324593e+01,8.936377293904207875e+01
1.282615154718636241e-01,1.477335222065514699e+03,1.225007468704006186e+01,8.176996158358355160e+01
1.284276657537997413e-01,1.515190743778102387e+03,1.119280260793976467e+01,8.757141880908528719e+01
1.285750020777463865e-01,1.608258919726755721e+03,1.026786330612922349e+01,8.862815400169458258e+01
1.287397941860217998e-01,1.562462939181895536e+03,1.001147442269860655e+01,8.710242021367042753e+01
1.287580767418794181e-01,1.518408812879888728e+03,1.001664317757673750e+01,8.059509599118975132e+01
1.287670191958912025e-01,1.306404253945517439e+03,9.990993449460114917e+00,8.193451956946110215e+01
1.287456416082473354e-01,1.094226863293534734e+03,1.000513781722840179e+01,8.079578375869978402e+01
1.287234639676525516e-01,1.071763147038367833e+03,1.004997218771534229e+01,8.412804946255648986e+01
1.287012572537818700e-01,9.400750973337543428e+02,1.000071235945288883e+01,8.342417354442902422e+01
1.286793003482266107e-01,9.454952764668572627e+02,9.982904460487260323e+00,8.571816144776190072e+01
1.286579260217005916e-01,9.123071345514163113e+02,1.002116719337333173e+01,8.432827379139199309e+01
1.286360621305371876e-01,9.375120832115316034e+02,1.001592043351585204e+01,8.581985886370389949e+01
1.286147120306329050e-01,9.581024356334042977e+02,9.997988147801727621e+00,8.583964551006359045e+01
1.285932921664937334e-01,9.032769331959381134e+02,9.993951847949317013e+00,8.434313990433550146e+01
1.285714563694552726e-01,9.083002697596797361e+02,1.002449860822499339e+01,8.454405539417163595e+01
1.285497643717543048e-01,9.559959384627327381e+02,9.977637856441546660e+00,8.345241476464862274e+01
1.285276961862477363e-01,9.259475080759383445e+02,1.007281955850068655e+01,8.114862960559752025e+01
1.285063545442082233e-01,9.980898102625403681e+02,9.987358546574158780e+00,8.817312132639671063e+01
1.284851001151237904e-01,9.731568289903980258e+02,9.987733363970072276e+00,8.333896668012850739e+01
1.284639112600089450e-01,9.235736934028598171e+02,9.973240129395852804e+00,8.787377952552279226e+01
1.284424336603783023e-01,9.260706864912347100e+02,1.002293610220713482e+01,8.576937425929170900e+01
1.284205881689997053e-01,9.393928803438781188e+02,1.000097456543673857e+01,8.006554136135576982e+01
1.283988888245257143e-01,9.913331404660474391e+02,9.973797179209658026e+00,7.972822016382583854e+01
1.283773306972759154e-01,9.907378538210538181e+02,1.001427137503897491e+01,7.844283896387676691e+01
1.283552158741373961e-01,1.082334732566832145e+03,1.002465711399301007e+01,8.178477535983081737e+01
1.283337805193436876e-01,1.145363678501659933e+03,9.996840340509240974e+00,8.931769788544997368e+01
1.283124411728133185e-01,1.212730541217885047e+03,9.983212638312025433e+00,8.555078209936161215e+01
1.282911824175686777e-01,1.253175884005004718e+03,9.982090675742531616e+00,8.948578847670584935e+01
1.282690286742240171e-01,1.300767866874152787e+03,1.006842022713649420e+01,8.287102863353938176e+01
1.282477050530962115e-01,1.335020945239753246e+03,9.966582695413411130e+00,8.146429316260365283e+01
1.282260912373210660e-01,1.363230962967860251e+03,1.002274838414492919e+01,8.550429991396369189e+01
1.282041996719008869e-01,1.443248004513312935e+03,9.982061578006591773e+00,8.846846016186412953e+01
1.281858655565121519e-01,1.478407083150827020e+03,9.962670724970871916e+00,8.609073649230651881e+01
1.283026614300786239e-01,1.481886933189692172e+03,1.002472911640815312e+01,8.448982656775761768e+01
1.285956599871697914e-01,1.460114369084392365e+03,9.980966984222487071e+00,8.861056118508216173e+01
1.291051832909337616e-01,1.517431383432911616e+03,1.024457279588996883e+01,8.139860719326661354e+01
1.297848366464585124e-01,1.523611136551716982e+03,1.110577963402741375e+01,8.637920043505300782e+01
1.306183269178674278e-01,1.433250527558269368e+03,1.265464705019941150e+01,7.990995300788451061e+01
1.315695383650382910e-01,1.413489323267896452e+03,1.438226808591638495e+01,8.034363905696891095e+01
1.326101892827285245e-01,1.405685797802876323e+03,1.631936747801213627e+01,8.476634556309822699e+01
1.337781863602688914e-01,1.450324853545816950e+03,1.827719902380719219e+01,7.962353921466299767e+01
1.349741196965671131e-01,1.169397093429624874e+03,1.941324695238025910e+01,7.852539954767742358e+01
1.361039763453895102e-01,8.609036758474223916e+02,1.983382894482211967e+01,7.535313999885188707e+01
1.370794763872425215e-01,6.613483934851312824e+02,2.012734361533628302e+01,6.363467383894376184e+01
1.379911227811327634e-01,5.691934442362705795e+02,1.991994240966715068e+01,6.202031227902465105e+01
1.388305972056345927e-01,5.801457958649315287e+02,2.003980774331492398e+01,6.219255556354737280e+01
1.396148016148367754e-01,5.876466441362662181e+02,1.990695994820770665e+01,7.384203292190827028e+01
1.404527869455478584e-01,5.718960002092813966e+02,1.995892671266687302e+01,7.419638190871604877e+01
1.411592545402985677e-01,6.903585539396873401e+02,1.976923255793372292e+01,7.673726463075840343e+01
1.417096412856139742e-01,8.421770381875402336e+02,1.870323345560396078e+01,9.180186728279488761e+01
1.419796408517789432e-01,1.021838189847318972e+03,1.670561617386697861e+01,9.507416771010964851e+01
1.422380231343303159e-01,1.151712480677539588e+03,1.513882156884424646e+01,8.805956090548096427e+01
1.423770314613950483e-01,1.293922429125057306e+03,1.358447027378320016e+01,8.819555409722951822e+01
1.423937320032072351e-01,1.377766064663324869e+03,1.200711984937547783e+01,8.936723667138602423e+01
1.423675235853519294e-01,1.288380215915878580e+03,1.061716076548592014e+01,8.412922882872629771e+01
1.423428155525126027e-01,1.354701497829213849e+03,1.002229689428467729e+01,7.892462225881931204e+01
1.423189080401376927e-01,1.423430447445075743e+03,1.004914921369870662e+01,8.251904541404283577e+01
1.422943434545563823e-01,1.501731018607917349e+03,9.982518166009716865e+00,8.417143304236471124e+01
1.422706445282477528e-01,1.480707530454133803e+03,1.002336855510108649e+01,8.431556957110598205e+01
1.422465143750409888e-01,1.486602026890190473e+03,9.998913095519842642e+00,8.643700990298971476e+01
1.422230286552288170e-01,1.550448373773837830e+03,1.002608230464975669e+01,8.439053552344887521e+01
1.421991692393334561e-01,1.585084041542942032e+03,9.972080909828536122e+00,8.887074520188201632e+01
1.421753454543957240e-01,1.549107596086391140e+03,1.000048621066599175e+01,7.995771808969341521e+01
1.421516080718711883e-01,1.447026985426795591e+03,1.001083288910104407e+01,8.128358846827681816e+01
1.421272013831643422e-01,1.568854951610332364e+03,1.000804604336466852e+01,8.160934210143462053e+01
1.421036325661547139e-01,1.641205059416994345e+03,1.002692409340275681e+01,8.365440643653377606e+01
1.420799080608362575e-01,1.482438803189542114e+03,1.003121863415898218e+01,8.809594153356482593e+01
1.420563900218652642e-01,1.483967201337047754e+03,1.001453360650009827e+01,8.173085459444995138e+01
1.420323275730096535e-01,1.464266866909322289e+03,1.001823622647236967e+01,8.389916402918075278e+01
1.420080998484564705e-01,1.560214520715386925e+03,1.002622895850815432e+01,8.706548202850447638e+01
1.419837140423364785e-01,1.550222770826894248e+03,9.975759960801491744e+00,8.057869601486694933e+01
1.419602573239256149e-01,1.571885858920017881e+03,9.977940593714812678e+00,8.314245586245658615e+01
1.419361881924856850e-01,1.573794487075983170e+03,9.989924912892510278e+00,8.727715238539994402e+01
1.419125962640274685e-01,1.481893569171642184e+03,9.978590688515682317e+00,8.419406618775039419e+01
1.418886638152721258e-01,1.534630232663377683e+03,1.002143927927925837e+01,8.120067348819297592e+01
1.418647686942837438e-01,1.546994990818915312e+03,9.975158263739714926e+00,8.511168811612746765e+01
1.418411169190710863e-01,1.527968308118882078e+03,1.001563637492881575e+01,8.607583115763051751e+01
1.418169019356430305e-01,1.522978640670295590e+03,1.000017210951314617e+01,8.944476279407379593e+01
1.417930611669747931e-01,1.518751711517273861e+03,1.001063098476594604e+01,8.721409865099460035e+01
1.417695269032599181e-01,1.508288617600408770e+03,1.002405608437504370e+01,8.367782899933148144e+01
1.417459557940162207e-01,1.509991354098312513e+03,9.973013685143788720e+00,8.474731082751029021e+01
1.417794323888540986e-01,1.520772383645337868e+03,1.003817754630273207e+01,8.553864006370889683e+01
1.418258447810585021e-01,1.530519161632665600e+03,9.962478740319898662e+00,8.819295050344631193e+01
1.418500269790251012e-01,1.560525496792504555e+03,9.966066094121737606e+00,8.808857329894345867e+01
1.418739395625315258e-01,1.601478494141423653e+03,9.982562157365599376e+00,8.460154314916275098e+01
1.419948809085568309e-01,1.536027483847312169e+03,1.002641610657077287e+01,8.290140382168432609e+01
1.421277679546553985e-01,1.458920151702025578e+03,1.006683303278448349e+01,8.054421297933819801e+01
1.423321210768216660e-01,1.395860068353321822e+03,1.002193135444219863e+01,8.338118681239519958e+01
1.424681183927082040e-01,1.396576607766623965e+03,9.977527335725270063e+00,8.586676448316005406e+01
1.425805291071438607e-01,1.455323194123046051e+03,9.974710473902637986e+00,9.245706676944750768e+01
1.427263892789145117e-01,1.360115407692656845e+03,1.001626612371875247e+01,8.442900816805835973e+01
1.430005655429580913e-01,1.410762837493363122e+03,1.001472006750815780e+01,8.942857403422867435e+01
1.432961427790771514e-01,1.240673942172186116e+03,9.995014942569383720e+00,8.045235845347718850e+01
1.437863833089561005e-01,1.237824896633078652e+03,1.085931419687238098e+01,7.960539222756221989e+01
1.441667039290006336e-01,1.268758677373338287e+03,1.126974122707453141e+01,8.418733294921784704e+01
1.449509761219992254e-01,1.289083415456764214e+03,1.352509635264124910e+01,7.929259092088967975e+01
1.454467646128982661e-01,1.285540132619497399e+03,1.384886050499094878e+01,8.144709058339533669e+01
1.459238463189272139e-01,1.275441753627560956e+03,1.411877479098277277e+01,8.239793038422330085e+01
1.462330458251367427e-01,1.369474011716096584e+03,1.347842592895705316e+01,8.837041421158731680e+01
1.466801746560162378e-01,1.307677062419709728e+03,1.383014719306952145e+01,8.654079008049434663e+01
1.469229660324065934e-01,1.283920504178594229e+03,1.326648145883339502e+01,8.467003665575158777e+01
1.469369380728591801e-01,1.200131093247849321e+03,1.202173544605267885e+01,8.481783829741851832e+01
1.469091880301678366e-01,1.244083482899857472e+03,1.081355901808887232e+01,8.858401064912531808e+01
1.468836958451707198e-01,1.242965194781491618e+03,1.002648447975751900e+01,8.642531397071702770e+01
1.468585252509397865e-01,1.226568286815036799e+03,9.974571133119496835e+00,8.635769458921390651e+01
1.468339699796022968e-01,1.282289586655900621e+03,9.995029538783397172e+00,8.626711524905361728e+01
1.468097672576863522e-01,1.305035350015732320e+03,1.002124747489093259e+01,8.723939119911321427e+01
1.467845820297233872e-01,1.335864690800709013e+03,9.996915818537937426e+00,8.010294093843889129e+01
1.467598688540196483e-01,1.408601686646497683e+03,1.006214152636345283e+01,8.951514584182270085e+01
1.467349874522979325e-01,1.370021830293118228e+03,1.000023575296109080e+01,8.383778005892195040e+01
1.467106698363255801e-01,1.430738890990085565e+03,9.991290942624624805e+00,8.629950248961081627e+01
1.466863191632445662e-01,1.380216833932353438e+03,9.961612248327838870e+00,8.587074331132521365e+01
1.466613153182425577e-01,1.388706903714785312e+03,9.992186853555605097e+00,8.498398434068843699e+01
1.466363018493171966e-01,1.326923942466016797e+03,1.005370854765315869e+01,8.462648294646491820e+01
1.466120984918601045e-01,1.440357079253772554e+03,1.001524019219541728e+01,9.052365126528594885e+01
1.465870362105100300e-01,1.405909930279422269e+03,1.020409836142679616e+01,8.512912438200976339e+01
1.465615962149150742e-01,1.308190783577094408e+03,9.982003282728884486e+00,8.680064213379212390e+01
1.465369904030482118e-01,1.490873166588436334e+03,9.962654274823561806e+00,8.830155353629851334e+01
1.465117244104945093e-01,1.400771763767525272e+03,1.004108057962249489e+01,8.781513018933164005e+01
1.464865675739150386e-01,1.480836218562831846e+03,9.978552640392800654e+00,8.460423934460064288e+01
1.464613935045636639e-01,1.412135359343732944e+03,1.001158427395295902e+01,8.258333566331477016e+01
1.464365222493149987e-01,1.412596714199403323e+03,1.000717641949338699e+01,8.219718722756371676e+01
1.464113095615084681e-01,1.347711360436885570e+03,1.004841297826449598e+01,8.047668248745054598e+01
1.463868263329942687e-01,1.481668199997323882e+03,9.984608072050555450e+00,8.671499298179075765e+01
1.463624410897610972e-01,1.551888135546736748e+03,1.005012989470184692e+01,8.608048771501574947e+01
1.463372902529912201e-01,1.400318638521756839e+03,1.000338555962336429e+01,8.205532185909369502e+01
1.463119646896189896e-01,1.476572770407708276e+03,1.004615349778446287e+01,8.354602319694303958e+01
1.462877317863491844e-01,1.492216053817889815e+03,1.003406734221296048e+01,7.878176504585219675e+01
1.462842909550740311e-01,1.500098413794471071e+03,9.996523865752699578e+00,8.189079985812365692e+01
1.464788458525973502e-01,1.580744278932025964e+03,1.004692548532939789e+01,8.508767071879729826e+01
1.466368652247783122e-01,1.649213171374696913e+03,9.997734498894198296e+00,9.046120975513983353e+01
1.469439691098579082e-01,1.554427353203579742e+03,1.000833051503180826e+01,8.390754140610661693e+01
1.476977357108902600e-01,1.479283224848163854e+03,1.163552037937377648e+01,7.974662909288474566e+01
1.483429841879969624e-01,1.494968778210653909e+03,1.236709831013844685e+01,8.704957441291421105e+01
1.488916957049721268e-01,1.572090953951491429e+03,1.290391501166344845e+01,8.634038591066097013e+01
1.495203447301151900e-01,1.681849314349462702e+03,1.374075112415754418e+01,8.568197358548580667e+01
1.501569308708667894e-01,1.492330640522757221e+03,1.412324052126958662e+01,8.630507036369189677e+01
1.510694330757209325e-01,1.603336352536661479e+03,1.609730649976290451e+01,8.035007024843882562e+01
1.519379794445860632e-01,1.544474082445823797e+03,1.675212153597765052e+01,7.740759239018267124e+01
1.527371923435631718e-01,1.596674158526030169e+03,1.711107582213475808e+01,8.275126145989544568e+01
1.536076883605524690e-01,1.534357905335891246e+03,1.788877829921302620e+01,7.749320244730714080e+01
1.545386675665882670e-01,1.604194613822598058e+03,1.859847162633609940e+01,8.506949741548710620e+01
1.554927849266033169e-01,1.589481599199459424e+03,1.892180259681385479e+01,8.397455111805940930e+01
1.560050266416659337e-01,1.534273772755190976e+03,1.732693984030527901e+01,9.099304661004373429e+01
1.562983800800275824e-01,1.336162268854938702e+03,1.520520047179069856e+01,8.498280742560473300e+01
1.568422896712699521e-01,1.236949846140536692e+03,1.492912397394059809e+01,8.789561319626004376e+01
1.571113154791495825e-01,1.318052354427659793e+03,1.375305957272038526e+01,8.479522533574959198e+01
1.575257729352138036e-01,1.362173781986386530e+03,1.363075556089122919e+01,8.322428545783429854e+01
1.577659006076526926e-01,1.402315546785697506e+03,1.297740802218436862e+01,8.481529472815090287e+01
1.578132322934310827e-01,1.430221250198125972e+03,1.164113681306850445e+01,8.766143626333204963e+01
1.577847277731402043e-01,1.404358223090610409e+03,1.033158098771343525e+01,8.699926633361097572e+01
1.577582543012603367e-01,1.366748614812228652e+03,1.001141704248340147e+01,8.898928237582835266e+01
1.577310246203428856e-01,1.388265692684128453e+03,1.000813435947383567e+01,8.718386253437519429e+01
1.577049459874028114e-01,1.413347057640514777e+03,1.001647198904979597e+01,8.555326502421624468e+01
1.576788324902733684e-01,1.440874999263097607e+03,9.986661559062421034e+00,8.209297680964620270e+01
1.576520455004240262e-01,1.324661347253655322e+03,1.003011132648357062e+01,8.106328085613088774e+01
1.576260532469949405e-01,1.442470583112483610e+03,1.002322406584119641e+01,8.487574677213557095e+01
1.575989968893652948e-01,1.411602618565179455e+03,1.000795709445126569e+01,8.374268091508541545e+01
1.575728388395383206e-01,1.344043938522666849e+03,1.003656203824624527e+01,8.236054255642095256e+01
1.575461836554388206e-01,1.410010201306396311e+03,9.982009003913777434e+00,8.966751642103621123e+01
1.575196454741406848e-01,1.442666785089565792e+03,1.003336520219976791e+01,8.534416998713891189e+01
1.574926231039054381e-01,1.411241314007422261e+03,9.974031955140210570e+00,8.479808917672637847e+01
1.574667234659592185e-01,1.407932196647335104e+03,9.982999486641443099e+00,8.659709466079260665e+01
1.574397831997382258e-01,1.397006765157452946e+03,1.000113437751427448e+01,8.808419433659798869e+01
1.574133991997853921e-01,1.416479238373771523e+03,1.002147928484453132e+01,8.444016615507185008e+01
1.573870766350285999e-01,1.446748797710074314e+03,1.004492357688313042e+01,8.846265575131678816e+01
1.573603971863041795e-01,1.367554273634141055e+03,1.029382290916051090e+01,8.547755906622991517e+01
1.573341091956957372e-01,1.410806812098243881e+03,1.003077170816655261e+01,8.691053998603091202e+01
1.573073531400292768e-01,1.329210878061628819e+03,9.950220690183627426e+00,8.065088685593657658e+01
1.572813431242569560e-01,1.331396855904742779e+03,1.001025862480027939e+01,8.381234557312281197e+01
1.572542037706297080e-01,1.295119524913383884e+03,1.005461364770173027e+01,8.529023655403217674e+01
1.572280030770218384e-01,1.410170757681858049e+03,1.004207476796854692e+01,8.678610573536060713e+01
1.572011983549997938e-01,1.338488929858025813e+03,1.003203667688316614e+01,8.920039858457020898e+01
1.571749346309743167e-01,1.354896105033925323e+03,1.002066253241452465e+01,8.780122651619336693e+01
1.571477887170602550e-01,1.391889078373224038e+03,1.001048994872643227e+01,8.676944869227411061e+01
1.571215330581248459e-01,1.374097142943816607e+03,9.967215498702968191e+00,8.373139390491748202e+01
1.571093580041568460e-01,1.451582295556797590e+03,9.972716141843093851e+00,8.543975038796756394e+01
1.571442092924821010e-01,1.496411495247733683e+03,1.003269939780125064e+01,8.715430884274569223e+01
1.574426164581339826e-01,1.508879069579777479e+03,1.008939168181163559e+01,8.614980680257934864e+01
1.580028709769928374e-01,1.491128446484956157e+03,1.094334099461416088e+01,8.022186292196353463e+01
1.587258494734025138e-01,1.508394047509061011e+03,1.241001762507856299e+01,8.463798017618859149e+01
1.595787466269400767e-01,1.488009595508972552e+03,1.417005308069077962e+01,8.429805725731415578e+01
1.605773587250542700e-01,1.278152259211618684e+03,1.635268055038991619e+01,8.031343577260797417e+01
1.616138883336692422e-01,9.298914251229440424e+02,1.823995877460928838e+01,7.456571657977686129e+01
1.625847550188901092e-01,7.137864875532059159e+02,1.933440996948381141e+01,7.001871840215571297e+01
1.634991275535032651e-01,5.929944602306547949e+02,2.024259034233030619e+01,6.543361055363746459e+01
1.643734149962392810e-01,5.591359181747202456e+02,2.052033016858358749e+01,6.592874824761229036e+01
1.651860970012449803e-01,5.050522995197965201e+02,2.009568866723058633e+01,5.630028543668467478e+01
1.657616312490197974e-01,5.315716783842509585e+02,1.813794779968229420e+01,6.113934749362381638e+01
1.665715561771576592e-01,5.030273647265854606e+02,1.883105593775150055e+01,5.556421511635651456e+01
1.674211255045224278e-01,5.422104274271298436e+02,2.006970406997454504e+01,5.915019962759997441e+01
1.681227271210500585e-01,5.393460573871620909e+02,1.932528104350879516e+01,6.128188468184330162e+01
1.688306423795328248e-01,5.426528469579616285e+02,1.944017415481823718e+01,6.241252081134256002e+01
1.694618837436833725e-01,5.624246187251184210e+02,1.922598909262335809e+01,6.560224369116815524e+01
1.700460311748967224e-01,5.824698076524751968e+02,1.835469613601267369e+01,6.921896954743691310e+01
1.704515534792506726e-01,6.483386974512865208e+02,1.716368313462145423e+01,7.552306807222893781e+01
1.707208149437231537e-01,7.479417163258339087e+02,1.575827531061517561e+01,7.736824125088767801e+01
1.707885209310471275e-01,7.136998080570340335e+02,1.370134709403719420e+01,7.780567248340199171e+01
1.707531919938170273e-01,7.716694544471188237e+02,1.211749099650244688e+01,8.532729091741390448e+01
1.707216108334592697e-01,8.539568109136954490e+02,1.089364778168639347e+01,8.418781201602773478e+01
1.706917736583943024e-01,1.036982323046866895e+03,1.011458088115607268e+01,9.077461028429809176e+01
1.706628968719199613e-01,1.083836609248521427e+03,9.986946784720380776e+00,9.304314411369959714e+01
1.706343215405280167e-01,1.167055662729844471e+03,9.987757864462887269e+00,8.355530539406180424e+01
1.706057395541524246e-01,1.159544832641462563e+03,1.017437693012701239e+01,8.519765086719421276e+01
1.705768352241611996e-01,1.168547785421721073e+03,9.974798827404733004e+00,8.646966086791223915e+01
1.705478964240539630e-01,1.206602948596828128e+03,1.017201285218654050e+01,8.384943705097369104e+01
1.705185435177978548e-01,1.249625254153655533e+03,9.974478602510377101e+00,8.698047445988953541e+01
1.704903149371711502e-01,1.171250635310144844e+03,9.974561877864484671e+00,8.173373976154452691e+01
1.704618781361960655e-01,1.161391274668745609e+03,1.002365007922841755e+01,8.315040915293019452e+01
1.704337734056797782e-01,1.162581173316120157e+03,9.989204101787629853e+00,8.228099672167395795e+01
1.704053684448275652e-01,1.249287051338475976e+03,1.000236616551725533e+01,8.375618036740576144e+01
1.703767281091526087e-01,1.233415249910914554e+03,1.000247393129587969e+01,8.919839348573482596e+01
1.703485367394940442e-01,1.198870538066255222e+03,1.003104244531892597e+01,8.762487128464677255e+01
1.703202179705701202e-01,1.190042385407653683e+03,1.000069573039138149e+01,8.928904834793007694e+01
1.702916005300465496e-01,1.214827752906741580e+03,1.002880497830220285e+01,8.718840812057904088e+01
1.702625112175338296e-01,1.261231789132378253e+03,1.003464094942875739e+01,8.645085660854732623e+01
1.702340793766194404e-01,1.256319375874179741e+03,9.984844376981817149e+00,8.608390321731123151e+01
1.702049423953496121e-01,1.227868665027616771e+03,1.002694148669641727e+01,8.598982472132676946e+01
1.701763860649458115e-01,1.197194123802363947e+03,9.992427816449207967e+00,8.302782700076204492e+01
1.701480193626158932e-01,1.224797436306210784e+03,9.998779548210526613e+00,8.041127053044033346e+01
1.701190696858181917e-01,1.299085749155442272e+03,9.981064168382248525e+00,8.626464947704911879e+01
1.700910435750483118e-01,1.330982783482742434e+03,1.003289594734753898e+01,8.736638702632161824e+01
1.700628847320279635e-01,1.243058908424508900e+03,9.962812679333625354e+00,7.992221276189395951e+01
1.700345643677292351e-01,1.318446200422885340e+03,1.001849583306907476e+01,8.717424455679307016e+01
1.700602359967577359e-01,1.279426780434146394e+03,9.972371085360856924e+00,8.382200744912499601e+01
1.702361046388869426e-01,1.235842549425656671e+03,1.000468940167953491e+01,8.187816418265403229e+01
1.703540511725813444e-01,1.311858954149128749e+03,1.003780433533211713e+01,8.496130743786886796e+01
1.705453353729896870e-01,1.417139206397765975e+03,1.000378440516495715e+01,9.286082180701295385e+01
1.707672422900607390e-01,1.402448921755555602e+03,1.017924313572051531e+01,8.281916137246091125e+01
1.710425317897232844e-01,1.442062681278220907e+03,1.056185185873607502e+01,8.168249984063712077e+01
1.713709432162216495e-01,1.504991757599698076e+03,1.120245553008590633e+01,8.589202083633746554e+01
1.717303988984245633e-01,1.509641525290069922e+03,1.181941851354639006e+01,8.326306298379354587e+01
1.722214425535229521e-01,1.624055982198594393e+03,1.270221705581866267e+01,8.259679065072741366e+01
1.728423083217200951e-01,1.623842046383725119e+03,1.383886060827186704e+01,8.521451383420736647e+01
1.736325155047503954e-01,1.543054297347994634e+03,1.536242100618809481e+01,7.650424604264797779e+01
1.745725764782945222e-01,1.305941270102119688e+03,1.699242959022378940e+01,7.433844474766249277e+01
1.755602467794993848e-01,1.010520969804298829e+03,1.867751822745967871e+01,7.339098763130526493e+01
1.764246598791565368e-01,7.345611229920348251e+02,1.935175272476740460e+01,6.678916517249032836e+01
1.773106545452431682e-01,5.829038879750409023e+02,2.081695878794545607e+01,5.883109416708992256e+01
1.781839445410332290e-01,5.225238293429908936e+02,2.182731201160346757e+01,6.008347558293963431e+01
1.789034432291977950e-01,5.053170043176733088e+02,2.071604511428792605e+01,5.370837666313521197e+01
1.793546003740577321e-01,5.631043555518411949e+02,1.867369228981940665e+01,6.377381556617325487e+01
1.799496514805533631e-01,5.679326710989960247e+02,1.857975739766888879e+01,6.565250312146696388e+01
1.801964435806224230e-01,6.409791332284750069e+02,1.699245387292996412e+01,7.216757601799238842e+01
1.803045012745779774e-01,7.183373498727254400e+02,1.555943468083959225e+01,7.315651845694829092e+01
1.803213905440348153e-01,7.812370415907032566e+02,1.444990319522428912e+01,7.788713213848582484e+01
1.802808378570933401e-01,8.746924291961169047e+02,1.353583212957055437e+01,8.581124747034411371e+01
1.802421963746439759e-01,9.901411358015766382e+02,1.276691109239537525e+01,8.893387324022920382e+01
1.802057799729867849e-01,1.068325359004547408e+03,1.213790860079670608e+01,9.061785655812572315e+01
1.801718498515663958e-01,1.055923368029112453e+03,1.155791232208509278e+01,8.440522573474963508e+01
1.801388133200967634e-01,1.112200496803439364e+03,1.116752954242738305e+01,8.751063384342104712e+01
1.801058701782234373e-01,1.075746534750140881e+03,1.076267756528423725e+01,8.692909005601455874e+01
1.800747541969195398e-01,1.028924392380841027e+03,1.043308790306273259e+01,8.539766665736733842e+01
1.800442692469187700e-01,1.041552154321956550e+03,1.008763951140011628e+01,8.658337071291643383e+01
1.800140177400430530e-01,1.059972905882968007e+03,1.003137800605794538e+01,8.087748894927528909e+01
1.799841629422097300e-01,1.047779284223769082e+03,9.997988463429372530e+00,8.112066094089425405e+01
1.799533785865525537e-01,1.109742530225914379e+03,1.001183511170997242e+01,9.381351698380557025e+01
1.799230242883673725e-01,1.031536873211124430e+03,1.001071188800005984e+01,9.155679209035390897e+01
1.798923119769643975e-01,1.032401978962142266e+03,9.992726195734272565e+00,8.562300539831221613e+01
1.798621724982034376e-01,1.099160151396664105e+03,9.997070825008965045e+00,8.871374583559131111e+01
1.798313378013770558e-01,1.131121466149865228e+03,1.002469072061682454e+01,8.812415454956072836e+01
1.798004615569668285e-01,1.113841651325769135e+03,1.001289679367875962e+01,8.393017484078205825e+01
1.797698941941028861e-01,1.113483639778660063e+03,1.000374207708843599e+01,9.010086320979674213e+01
1.797394004275396362e-01,1.098070024523065968e+03,9.989267737328619390e+00,8.687761611667625061e+01
1.797086213835319413e-01,1.188632774401201004e+03,1.004562840396208045e+01,9.196536644280827488e+01
1.796780601321845416e-01,1.114273038496539812e+03,1.000258755078477790e+01,8.460498093119008445e+01
1.796478511026184388e-01,1.108648083021938646e+03,9.980344325132607608e+00,8.459205433131008078e+01
1.796175519680827948e-01,1.112566160275522407e+03,1.001864340105567486e+01,8.394340692647040214e+01
1.795874854626076378e-01,1.129258247062739429e+03,9.990430219307723902e+00,8.010092322567471967e+01
1.795573823858279960e-01,1.133588524316323856e+03,1.000961285136741985e+01,8.461874861454002428e+01
1.795268259104631781e-01,1.186472549965104463e+03,9.995736804307858492e+00,8.448203154938629211e+01
1.794966797169708639e-01,1.264866326895641350e+03,1.014532436455173325e+01,8.356670886652000263e+01
1.795083725223928506e-01,1.303359578146167223e+03,1.011450975958953968e+01,8.767260510373890270e+01
1.796628427156463925e-01,1.353147602046472457e+03,1.032508383781613226e+01,8.814123648303026926e+01
1.798325576276146032e-01,1.383483886474694373e+03,9.999816597615865277e+00,8.528819095862780841e+01
1.801218571999263773e-01,1.490034344328885936e+03,1.024989619742840219e+01,9.026034758882212827e+01
1.806111292072465624e-01,1.439233428617946174e+03,1.133847548736628141e+01,8.001411308536232525e+01
1.813769895902738183e-01,1.425907755027181111e+03,1.337769900742403451e+01,7.757217203992964016e+01
1.822157895784120574e-01,1.431764741501111075e+03,1.541308623875002226e+01,7.591972186026924874e+01
1.831054852167358360e-01,1.479221424385121963e+03,1.712902181848406968e+01,8.145574119055666529e+01
1.840930267039735391e-01,1.254210297528235287e+03,1.901794782274456352e+01,7.904899931740528984e+01
1.847781763181649273e-01,1.244329665598148949e+03,1.900015693965353947e+01,8.169818096237668215e+01
1.852775791626044000e-01,1.306482670351038678e+03,1.854864912763668983e+01,8.714459402994548043e+01
1.858137472911597921e-01,1.415547035017499866e+03,1.849021745899320734e+01,9.312887380711185870e+01
1.863155272217522362e-01,1.436195381168443873e+03,1.815181368137112727e+01,8.417510797360365871e+01
1.868154528983764218e-01,1.426590115800339845e+03,1.807623830525422903e+01,8.182274135723201880e+01
1.869950638169990409e-01,1.453840524113046058e+03,1.677774296960166112e+01,8.741229643821019124e+01
1.871841515951079560e-01,1.450875505786360009e+03,1.583804483573690725e+01,8.996704386317540525e+01
1.875361804127904097e-01,1.391235428430305092e+03,1.573202185276830711e+01,8.892512863085873676e+01
1.879758810757097276e-01,1.183290409720336584e+03,1.586253491455555320e+01,8.577097130515572587e+01
1.881758305300378631e-01,1.091253538335122812e+03,1.511197486175357874e+01,9.107117084921735284e+01
1.884336693419999820e-01,1.018467966079855842e+03,1.479059915446223528e+01,8.194304491195867968e+01
1.884973188853223958e-01,9.893834348799468899e+02,1.373807725978777761e+01,8.240991588026392378e+01
1.884986402669474037e-01,9.856101975556091475e+02,1.273535538172556691e+01,9.082245111191510034e+01
1.884679547901885743e-01,9.048239744495214154e+02,1.183023259574580521e+01,8.479923357381063909e+01
1.884336755703709398e-01,8.903003981392365631e+02,1.103857767963707204e+01,8.740783368587196378e+01
1.883998761289725210e-01,9.396983065773027874e+02,1.029728193956204940e+01,9.030574822955944114e+01
1.883676179189942845e-01,9.421146995756924980e+02,9.992106812020507434e+00,8.200662433643068994e+01
1.883355512312400448e-01,9.616728765998570907e+02,1.000299295250983889e+01,8.604179279130630675e+01
1.883041039594591792e-01,9.721391726930506820e+02,1.021113867296165978e+01,8.065390821348429995e+01
1.882718252952990945e-01,9.349939969126031656e+02,9.980737675019737409e+00,8.912596007775070461e+01
1.882394560972517339e-01,9.159901410922878995e+02,1.014473900194768063e+01,8.791788466958703907e+01
1.882075634110134399e-01,9.747106216227729192e+02,9.996653747049972338e+00,8.265236394702799316e+01
1.881760253766427970e-01,9.449440353570734032e+02,9.984696880726311008e+00,8.328942553450836783e+01
1.881437547841479652e-01,1.001750798240543645e+03,1.000249668252478941e+01,8.250960520546931320e+01
1.881112809297372235e-01,9.840147817549004685e+02,1.000606526614448555e+01,8.725961311456383385e+01
1.880794921901339789e-01,9.554675992519124748e+02,1.001991669398560170e+01,8.608115262132160694e+01
1.880480173505984232e-01,1.002245789165985229e+03,9.988228569171360149e+00,8.792088243779318191e+01
1.880156576159424109e-01,1.005334759689615225e+03,1.003188148240400679e+01,8.422205547179925134e+01
1.879846908428121632e-01,1.083553370688943687e+03,9.993136092764761003e+00,8.791212263848274233e+01
1.879533717202541421e-01,1.081348304536922342e+03,1.000230551705728921e+01,9.004799807636294418e+01
1.879212996606734742e-01,1.124790159618116604e+03,1.001290084246936729e+01,8.773514408020018607e+01
1.878900996662960510e-01,1.154331100622986241e+03,9.978222295076269788e+00,8.892767558586196230e+01
1.878579886402867161e-01,1.098238860950631079e+03,9.990728563094295467e+00,8.632278070858737351e+01
1.878265832613958963e-01,1.183053854467022120e+03,1.004116670060841976e+01,8.683575527144677153e+01
1.877955837216674639e-01,1.212481616614341647e+03,1.002272167738533959e+01,8.626028837540104632e+01
1.877646548707735397e-01,1.175593328035869490e+03,9.957925210251506343e+00,8.352894414651983368e+01
1.877337339722053855e-01,1.152731795421009792e+03,1.000649554092335691e+01,8.530168953921163677e+01
1.877020076834356177e-01,1.201656231233082735e+03,9.997409383633392821e+00,8.513300101675748977e+01
1.876704381620420969e-01,1.337740189948225634e+03,1.004560699448471972e+01,8.200177238463163576e+01
1.877003140905043055e-01,1.233632704147953518e+03,1.005571627950132196e+01,7.907594999059583074e+01
1.877482117019560470e-01,1.339929571221959122e+03,1.002648974609603805e+01,8.634923911878497904e+01
1.879193701072598421e-01,1.445216818614001340e+03,9.964648171638899044e+00,8.674880345955796201e+01
1.884775265681184753e-01,1.375340035197249335e+03,1.099618769708102306e+01,8.382505438887345406e+01
1.891905273010102695e-01,1.389871967117043141e+03,1.218890635923803067e+01,8.003316338929380436e+01
1.900300019769973758e-01,1.286582123500019861e+03,1.419620305778757618e+01,7.481959533585232691e+01
1.909652808356489539e-01,1.149720232340866687e+03,1.601596163699492692e+01,7.023287960346191028e+01
1.919776985821898818e-01,8.072222672872246676e+02,1.818545674033754267e+01,7.269570618953041219e+01
1.928748108940687711e-01,6.938170841103448083e+02,1.979332472373681284e+01,6.408523169346381110e+01
1.936835466348810486e-01,5.959933146492921878e+02,2.063963532633834674e+01,6.923861456596611674e+01
1.945252855256835167e-01,5.365551857167827166e+02,2.130356675860402049e+01,6.396652625843563555e+01
1.953207705999980837e-01,5.246269024280987878e+02,2.165397160691624379e+01,6.253141122126238116e+01
1.960974240456830053e-01,4.898635816068715485e+02,2.182887193035377749e+01,5.135691066743054733e+01
1.968825271106480757e-01,4.871334409567204489e+02,2.221256504580213686e+01,5.351859452278119278e+01
1.976157168373509632e-01,5.132642827163048196e+02,2.155997830382603553e+01,5.489731993755165718e+01
1.983613551797887564e-01,5.226716626590921351e+02,2.106099363096225474e+01,5.235634296456005643e+01
1.990171783349431733e-01,4.575923314998956926e+02,2.070545423992876266e+01,5.154348689085255586e+01
1.995950899570974324e-01,5.016797026697858541e+02,2.004309897054712408e+01,6.250916939632170966e+01
2.001014855106665602e-01,4.859550278983352882e+02,1.954942521782412257e+01,5.470363126027780254e+01
2.004884229973159238e-01,5.078541930963546065e+02,1.892790929647934561e+01,6.329599262382955516e+01
2.007418471614378641e-01,5.369371545177604048e+02,1.807505336475604096e+01,6.411802554306095203e+01
2.007386944779194216e-01,5.399732357220613039e+02,1.650393473180585246e+01,6.891870332401035171e+01
2.006942066534298519e-01,5.297141233714125974e+02,1.535709775321068626e+01,7.081547770255214402e+01
2.006465989679140638e-01,5.307022859198124252e+02,1.432852258691526259e+01,7.370859080174402322e+01
2.006014423482471998e-01,5.321782181294290694e+02,1.343691380191429374e+01,7.692130080832619399e+01
2.005594022605961813e-01,5.362198110190103080e+02,1.303515938733175261e+01,7.338919689392704981e+01
2.005178910855467955e-01,5.217998435861595681e+02,1.281968286036448035e+01,7.677489187529742765e+01
2.004778555403882445e-01,5.074329972729470342e+02,1.254252145679145869e+01,8.148270217259083381e+01
2.004370502812646004e-01,5.250858681466460212e+02,1.249256815658549513e+01,8.102479302502896985e+01
2.003976563799666211e-01,5.214306275172165215e+02,1.215991595082811827e+01,8.064777445633097841e+01
2.003594018852692671e-01,5.191016073258747383e+02,1.173390928893990370e+01,8.322803059147980775e+01
2.003218601257771569e-01,5.057887022011909721e+02,1.126600205786211895e+01,8.126764132866048840e+01
2.002860123640762824e-01,5.295633450002770815e+02,1.098619459635329321e+01,8.555129647325527742e+01
2.002503415406195753e-01,5.659316705814377428e+02,1.062229334758899313e+01,9.124782883451142368e+01
2.002157342077949820e-01,5.751214068162538524e+02,1.019062236486754713e+01,8.234014003245776792e+01
2.001821913582988999e-01,6.029437050394201378e+02,1.000157946531435016e+01,8.657026634337327664e+01
2.001475975224517867e-01,5.892922436993330848e+02,9.997282182052826371e+00,8.642385525167989613e+01
2.001142650778145182e-01,6.410768676988652714e+02,1.000643462940164241e+01,8.589219551986741408e+01
2.000808078597330619e-01,6.278110592814282427e+02,9.989062723235385022e+00,8.296328747411709514e+01
2.000468048840482183e-01,6.522558301236290390e+02,9.997354337327269747e+00,8.477190016431168829e+01
2.000137938402380966e-01,7.262774389979299485e+02,9.997534644056635500e+00,8.572824048111706929e+01
1.999806644595542304e-01,7.786799695758443249e+02,9.979606082445302562e+00,8.771115096349370788e+01
1.999474703461532610e-01,8.302876759952002885e+02,1.001499461941397939e+01,8.770513511091921544e+01
1.999136792795854767e-01,9.215073218193033426e+02,9.984539648070326123e+00,8.931040198958500298e+01
1.998797847964529917e-01,9.201904853730461582e+02,1.006218477583746029e+01,8.209925455063884669e+01
1.998468245475421845e-01,1.051709737485278538e+03,9.986665948473122612e+00,8.716757378737783313e+01
1.998139411050942060e-01,1.129780074540501118e+03,1.001465920669700260e+01,9.051822189906543770e+01
1.997802943814868948e-01,1.172236980560123811e+03,9.983145055621628572e+00,8.795747647106296085e+01
1.997980119324862802e-01,1.223625415273974568e+03,1.002853572362221435e+01,8.765165311160288297e+01
2.000151743762547951e-01,1.355266914258082352e+03,1.001689798261223352e+01,8.505124587690085036e+01
2.004267120355494314e-01,1.339002727967570763e+03,1.056445254975245263e+01,8.866591679134059234e+01
2.010091645067361432e-01,1.112911335414083396e+03,1.218780508904695026e+01,8.217952294189896634e+01
2.017192245968421338e-01,8.931171956572205772e+02,1.478530792405494765e+01,7.143063046323315746e+01
2.024768842289744741e-01,6.403081219150036532e+02,1.725616929165002844e+01,6.109396391597957177e+01
2.032238926684737379e-01,5.488175351770049701e+02,1.911726981697157157e+01,5.690380110734923136e+01
2.040243875298853871e-01,5.220703409560809405e+02,2.075680012064704982e+01,5.435640263187600851e+01
2.048335541666867210e-01,4.862579083664122663e+02,2.177432569353415914e+01,4.735108625503423241e+01
2.056660450416951391e-01,5.234592124409741700e+02,2.239515389295393177e+01,5.468422878145933197e+01
2.065224336790861814e-01,4.868630963987224618e+02,2.295456991251418444e+01,5.217148670787775444e+01
2.072762393067356934e-01,4.978369346987950053e+02,2.357347711105620647e+01,4.890230517203625737e+01
2.080639990913761839e-01,5.019802090939850814e+02,2.398176790292647098e+01,4.408758717103189184e+01
2.088323558141312597e-01,4.589296116130610699e+02,2.391170510643510383e+01,4.630648781616546472e+01
2.095738079146231836e-01,4.811033245193511334e+02,2.409045512820934576e+01,4.838719741340452174e+01
2.102911789124554953e-01,4.572270017866218836e+02,2.434194157295400629e+01,4.533638812885777725e+01
2.109144659520195419e-01,4.750861651044044152e+02,2.383262385513090820e+01,5.186998155348676676e+01
2.114597261618173518e-01,4.792564181832839267e+02,2.375299875444664011e+01,4.918726310486321296e+01
2.119337489422076781e-01,4.906375956950590194e+02,2.302851339261786734e+01,4.951743514370185295e+01
2.123162061240881360e-01,4.810262993830733080e+02,2.223400905979453412e+01,5.160890616909458117e+01
2.125616251799762879e-01,4.945747035186302583e+02,2.122739293257880178e+01,4.767889372536370018e+01
2.126400700484520345e-01,5.098741609067612330e+02,1.993614609569124951e+01,5.256812760260076800e+01
2.125846380769140231e-01,5.016403771939338867e+02,1.847592522155389005e+01,5.507397046965821374e+01
2.125216302481236497e-01,4.955260649384701992e+02,1.727200316785066647e+01,5.865043830849733553e+01
2.124651000869640372e-01,5.311723899890338316e+02,1.605548366251747439e+01,6.241231423646118515e+01
2.124114998410999711e-01,4.785629171139889877e+02,1.521599895825700699e+01,6.168611250065676188e+01
2.123614893740573828e-01,4.907389884175173620e+02,1.431526321574231808e+01,6.472415421859199114e+01
2.123148857875460649e-01,5.040559145318194965e+02,1.337329321106721380e+01,7.147139323726707971e+01
2.122690464688878065e-01,5.418632214403926355e+02,1.317524412422931768e+01,7.000492142145265007e+01
2.122245393042241912e-01,4.858673757741942723e+02,1.303318450407794948e+01,7.055839313455935269e+01
2.121801475853230534e-01,4.732381375343360901e+02,1.291927637611600410e+01,6.765874100722757589e+01
2.121374047928361872e-01,5.101895205009651590e+02,1.204998460483065514e+01,7.077618072888755307e+01
2.120961343251773767e-01,5.304104925335499274e+02,1.146652002422688810e+01,7.539377315719525541e+01
2.120582924067245523e-01,5.246982639151037802e+02,1.090612080872411305e+01,7.597226270266310166e+01
2.120206392431673859e-01,5.510300432904716672e+02,1.043039966846187916e+01,7.968059030957709865e+01
2.119836752737312979e-01,5.868615105837386636e+02,1.037925327415225141e+01,7.893740676403122336e+01
2.119478872152485427e-01,6.337820718877413810e+02,1.019800449345983040e+01,8.217876371348661735e+01
2.119125827588436983e-01,6.550983811067400211e+02,1.000970719320242175e+01,8.000770824428046524e+01
2.118756742591466902e-01,7.557084697251515308e+02,1.031202033544779262e+01,8.582944660503903833e+01
2.118398678913917810e-01,7.587000774300478270e+02,9.992548845453500306e+00,8.473488374444066551e+01
2.118048372164553494e-01,7.825025414057561193e+02,1.001503312171616322e+01,8.719965053649720232e+01
2.117683421142307898e-01,7.851339821724692456e+02,9.996517015272557316e+00,8.386844866302443791e+01
2.117332885010941301e-01,8.537734734356578201e+02,1.000135906824970355e+01,8.163093693743428503e+01
2.116968946952038910e-01,8.852682136690812058e+02,9.986887992161149086e+00,8.702754712920993541e+01
2.116613458723299868e-01,9.821631654527086539e+02,1.003476068316382097e+01,8.313476607557170439e+01
2.116247814737426125e-01,1.108530059244375479e+03,1.000393828198016699e+01,8.702595163673468903e+01
2.115890259385198313e-01,1.158419974800430737e+03,1.008707380896828809e+01,8.305159216745192907e+01
2.115534539243116574e-01,1.243544384922855897e+03,9.987733917587553023e+00,8.349245839023195970e+01
2.115918509450937512e-01,1.430187474976382191e+03,1.002553303453292166e+01,8.360894093332824184e+01
2.118019425755232332e-01,1.479977123705061103e+03,1.040598600919864225e+01,8.079082113313461377e+01
2.122146592076164517e-01,1.312153449930638089e+03,1.186051130387390629e+01,8.140426318132902850e+01
2.127954283940831359e-01,1.062312434589774284e+03,1.376985225676124003e+01,7.650401592315118648e+01
2.135206915104484182e-01,7.692168225271212805e+02,1.582450895687476233e+01,6.730598260280386569e+01
2.143046460506729256e-01,6.667007886605741760e+02,1.806709648687713354e+01,6.592103608500806899e+01
2.151132604203497001e-01,5.858159140833939773e+02,2.001447983567517142e+01,6.208989257104245496e+01
2.158867804609669039e-01,5.368548381119866235e+02,2.143511949730168453e+01,5.921983374678539747e+01
2.166512898830831590e-01,5.185484185864112305e+02,2.206862731443698067e+01,5.591749135163634321e+01
2.174389253646903108e-01,4.731560528398053407e+02,2.183556051725470581e+01,5.270124664120245939e+01
2.182828830030494327e-01,4.970359635133789311e+02,2.186077081607330896e+01,5.696189105351501070e+01
2.190469659106968892e-01,4.746706383609751470e+02,2.162473255161505392e+01,5.272924004241524898e+01
2.197972486509444379e-01,4.792910684890849211e+02,2.168056055763108603e+01,5.077128231050723173e+01
2.205408807206941935e-01,4.573770091503798767e+02,2.217162228246942490e+01,5.015439381826884357e+01
2.212786050077503730e-01,4.510141525340212638e+02,2.232012582538755652e+01,4.967170337553691439e+01
2.219355993302980223e-01,4.392014639511984910e+02,2.210192977616215870e+01,4.673292651664313269e+01
2.225873752237696457e-01,4.842478734651161858e+02,2.001620693103606285e+01,5.877930386929161699e+01
2.231595841245924416e-01,5.092053080611912605e+02,1.780563734900263384e+01,6.335823892601222695e+01
2.236641399098566463e-01,5.698978181304274813e+02,1.555786577449549313e+01,7.097184605678511105e+01
2.240167481776449421e-01,5.302610378525545229e+02,1.430701282367739324e+01,7.459259870562971173e+01
2.242152926940424729e-01,5.854762851984944518e+02,1.307703028068504381e+01,7.792174153124997815e+01
2.243018498473448585e-01,6.232359610911306618e+02,1.165867244612846143e+01,7.969578101260074732e+01
2.242820897755979648e-01,6.462025495115550484e+02,1.071241297925766034e+01,8.638497468572529669e+01
2.242439315493414409e-01,6.497414144527715507e+02,1.007584387021545780e+01,8.262421954937238411e+01
2.242067604598404484e-01,7.355044839282500106e+02,9.992799939244036977e+00,8.582960284535047890e+01
2.241692621778009764e-01,8.529984793985923943e+02,9.988496153797884247e+00,8.582373222408882896e+01
2.241321721121389277e-01,9.599183773716580390e+02,1.007770250609063112e+01,8.552860000622459324e+01
2.240944297464294854e-01,1.034337498008290368e+03,1.000834512447678648e+01,8.371475354030039284e+01
2.240565490947059313e-01,1.217140269085513637e+03,9.992777926143491030e+00,8.092617083143163370e+01
2.240194907453255113e-01,1.317974605712138327e+03,1.016445968346936013e+01,8.239798078174821683e+01
2.239811430456256913e-01,1.324635958866925193e+03,1.025679813792297246e+01,8.428890226997296509e+01
2.239423554941846473e-01,1.448212345834122516e+03,9.980659860184120546e+00,8.842852887038439746e+01
2.239047334724059701e-01,1.528774156130569736e+03,9.987015084605411985e+00,8.741351604862045122e+01
2.238667272666046149e-01,1.450693695674169021e+03,9.982695820569894352e+00,8.136204879477320162e+01
2.238285798028994966e-01,1.467963067857599526e+03,1.002901189256367154e+01,8.260291329845765063e+01
2.237915220203825217e-01,1.468908066478150658e+03,9.986142258175194186e+00,8.035229095894808893e+01
2.237534019692226650e-01,1.484655347410283866e+03,9.987292444951133774e+00,8.295883578566501626e+01
2.237152125822007565e-01,1.452170830537507982e+03,1.000047844228123139e+01,8.502383781195425172e+01
2.236765656966248628e-01,1.516110170998639433e+03,9.992446564790753882e+00,8.920074076146217124e+01
2.236381452786130597e-01,1.453832127992969390e+03,1.000878878786066828e+01,8.569518154155618106e+01
2.236011344745816587e-01,1.406083686901980855e+03,9.989367283720220314e+00,8.333525132102820976e+01
2.235624908214125794e-01,1.492834426264951844e+03,1.000727840854307260e+01,8.605463282259880486e+01
2.235245835821075555e-01,1.504290786713604575e+03,1.000393057567621824e+01,8.741150312311710024e+01
2.234874387213610647e-01,1.539830622524090813e+03,9.997658869196381914e+00,8.482814619128704692e+01
2.234493436609187034e-01,1.468326678958524781e+03,1.000749228208566599e+01,8.303363744470124175e+01
2.234110757375568912e-01,1.507639659944738924e+03,9.991285831632792380e+00,8.584605067439285619e+01
2.233728654016457205e-01,1.561317373624263382e+03,9.973970132064348348e+00,8.253698896626181636e+01
2.233350838473710243e-01,1.449353073573598522e+03,1.002201003232177001e+01,7.801947525305004660e+01
2.233044806614816469e-01,1.585967398738073598e+03,1.003820963957089241e+01,8.909605287864438594e+01
2.233166093019440246e-01,1.566653232380174359e+03,1.006215868056278673e+01,9.142333754207120933e+01
2.233831629912187144e-01,1.527528489896289784e+03,9.980995629218977427e+00,9.000579792008964830e+01
2.235127312008818035e-01,1.407659411033221431e+03,9.986593802891436056e+00,8.670193635396270793e+01
2.236864459347649992e-01,1.388726714739096451e+03,1.020706914150580147e+01,8.110278309774197680e+01
2.238684865020069970e-01,1.369042393005724762e+03,9.977553026996286434e+00,8.072178070650659265e+01
2.241899942318287819e-01,1.345971680865702183e+03,1.024944358883264783e+01,7.870285617055220939e+01
2.245510704153489689e-01,1.351954092558869434e+03,1.061905745546356172e+01,8.164911353732195209e+01
2.251378680296461932e-01,1.275718642226498332e+03,1.190948514387091528e+01,7.819042396319788679e+01
2.257812180359784204e-01,1.261094419783086096e+03,1.314914063872225292e+01,7.877241822924096937e+01
2.265844982443876998e-01,1.278861731611069672e+03,1.499392402530710200e+01,8.320518846826004733e+01
2.276165722303821748e-01,1.029615782354321709e+03,1.752010585648690721e+01,8.039222893816184978e+01
2.285849336609407367e-01,8.084638982544980763e+02,1.868820071474817013e+01,7.825596795223644619e+01
2.295307991345544585e-01,6.070691027482130266e+02,2.006506087139838002e+01,7.261010058213393847e+01
2.303509013460018628e-01,5.704818449879462605e+02,2.070499390554512331e+01,6.957586605298612881e+01
2.310852902162514322e-01,5.333746763024930715e+02,2.033454196233285316e+01,6.317551883943777824e+01
2.317705675106282726e-01,5.566984564205806691e+02,1.992823039229578796e+01,6.880213819734245817e+01
2.323924890683778943e-01,5.648982029741273436e+02,1.990165061404471913e+01,6.473588414173504191e+01
2.329237377053004765e-01,6.116945249498343173e+02,1.946797334237948363e+01,7.101977433136049456e+01
2.333364009214118073e-01,7.179495234886677508e+02,1.889622449311330854e+01,7.703299571543244895e+01
2.335951301978860528e-01,8.654081226515124854e+02,1.782913626409255059e+01,8.465134628653835591e+01
2.336808673286150384e-01,8.346235683664889393e+02,1.620279796297835517e+01,8.038958476271476172e+01
2.336400776005797819e-01,9.170903213740884894e+02,1.451950435828878128e+01,8.354989357721834153e+01
2.335874198248233946e-01,1.060024673192488763e+03,1.326381150145428478e+01,9.068951579106938254e+01
2.335399013308188665e-01,1.136600729279189636e+03,1.225904144838932019e+01,8.839101124667692488e+01
2.334957441419061863e-01,1.196733421590964099e+03,1.128245015133220441e+01,8.785353383440164521e+01
2.334549363068066374e-01,1.268843402630594937e+03,1.050704688534234954e+01,9.073099602431896926e+01
2.334156125924986558e-01,1.280738950854052064e+03,1.004741741876610917e+01,8.731187028595185495e+01
2.333759883082090480e-01,1.381344026902607084e+03,1.028237271516461604e+01,8.443211686197997778e+01
2.333361574517607284e-01,1.358526957186461004e+03,1.000757429355758532e+01,8.494464255944684794e+01
2.332975379847293806e-01,1.333553894135905239e+03,1.015500391372203737e+01,8.200490794734800204e+01
2.332577038476672526e-01,1.392818290471109322e+03,1.006841726827753014e+01,8.154278134998503447e+01
2.332183457896571388e-01,1.367055152499963697e+03,1.005547851969413919e+01,8.612540068508484126e+01
2.331796026537002187e-01,1.357544067649784211e+03,1.000833325893676573e+01,8.271946617980880490e+01
2.331407473467996816e-01,1.408352700643124081e+03,1.001507821365242989e+01,8.942839283213957913e+01
2.331007587749962251e-01,1.403267109788255084e+03,1.017097104821794318e+01,8.510256572779717033e+01
2.330610819700819625e-01,1.335404592907876349e+03,1.006939509015571410e+01,8.343284515487366093e+01
2.330212622836546343e-01,1.412201882079132019e+03,1.008456071713701263e+01,8.676243010645903553e+01
2.329827225499753185e-01,1.473407925607332345e+03,9.969142153228554903e+00,9.207894830736148606e+01
2.329433635477670683e-01,1.345991343476433485e+03,1.001102086622272225e+01,8.182432088176807383e+01
2.329031509718532400e-01,1.394906888221467625e+03,1.000828287290096519e+01,8.331022195131295405e+01
2.328643533953436984e-01,1.426393424727207048e+03,9.963746840640434144e+00,8.521162023367683958e+01
2.328251726657770138e-01,1.416778708506371231e+03,1.003954100148111017e+01,8.548054809383056352e+01
2.327859907477664303e-01,1.404715883422605657e+03,1.002444292363227163e+01,8.266067073192886028e+01
2.327459681350029508e-01,1.448919218598831549e+03,9.955593900811262387e+00,8.547499735516217356e+01
2.327075006580329175e-01,1.403711239051570146e+03,9.980913749615627495e+00,8.298317945459372424e+01
2.326690399520338071e-01,1.431078697099583678e+03,9.989276490523410601e+00,8.297240101076705798e+01
2.326288389335582629e-01,1.487506727130182526e+03,1.000821145521160993e+01,8.715690776563928921e+01
2.326856210875323794e-01,1.465245062720438909e+03,1.001664679349480203e+01,8.466145726820981565e+01
2.329276073918947754e-01,1.392591289008508284e+03,1.000443443868024396e+01,8.538748789076159085e+01
2.333609660133013075e-01,1.365270626063378813e+03,1.025452362923954475e+01,8.116499446712900578e+01
2.339580289051826079e-01,1.423295735373748130e+03,1.128951979128108363e+01,8.538461446834347157e+01
2.347151518511450263e-01,1.103095492733317769e+03,1.280859481847362424e+01,7.578463073807235162e+01
2.355641720475291911e-01,8.519586385766859848e+02,1.469839497541611983e+01,7.606811568300518900e+01
2.363887552124910307e-01,6.710263173414267612e+02,1.655458302119433256e+01,7.033402144376869103e+01
2.372428219735074895e-01,5.655394756148338047e+02,1.806708029367206336e+01,6.745992158772682501e+01
2.380409625981543820e-01,5.347681705543466251e+02,1.930952170027722303e+01,6.406203874443866653e+01
2.389160363924297537e-01,5.577419094146661109e+02,2.034260624753727953e+01,6.606949484412625395e+01
2.397380485640834280e-01,5.282270076163916883e+02,2.131600179153848273e+01,5.722997763977613062e+01
2.406001650089036048e-01,4.911379519827817717e+02,2.153393932740404892e+01,5.727559349408730327e+01
2.414155698418657403e-01,5.246276289250238278e+02,2.153949296839120109e+01,5.793375829968857005e+01
2.422035510443622253e-01,5.053723510695226651e+02,2.128493124804089121e+01,5.654872352286558623e+01
2.429664440944910575e-01,5.216904742119612592e+02,2.087844454012957129e+01,5.312947503081876732e+01
2.436776758196964043e-01,4.942184538292484604e+02,2.072486227573719475e+01,5.040459748101517334e+01
2.443497834371761990e-01,4.745339501112032963e+02,2.047299776450392272e+01,5.031120241386798853e+01
2.449497981969723792e-01,4.994739490672447459e+02,1.998691953099274343e+01,5.147015450082479049e+01
2.454490969309621462e-01,5.141354076253778658e+02,1.937907561399820011e+01,5.406188223431607298e+01
2.458219761208056409e-01,5.066832000365711224e+02,1.867735825927121240e+01,5.887480845454412304e+01
2.460461289463591605e-01,5.015043722972861815e+02,1.759838012302312293e+01,6.188904900771401429e+01
2.461391172324259857e-01,5.107554598797545964e+02,1.620170983098597262e+01,6.769217738862636224e+01
2.461007264457215071e-01,5.450596442789939147e+02,1.459926784093956265e+01,7.238110361885955513e+01
2.460459884333875968e-01,5.861102241020221300e+02,1.342722284842827918e+01,7.652321871255331587e+01
2.459953447023222606e-01,5.808097641778683737e+02,1.248908054582056337e+01,7.944008061998438563e+01
2.459482827181849740e-01,5.670351917635833843e+02,1.182596548384511337e+01,8.176038345364020188e+01
2.459017860143284939e-01,5.644481517788665315e+02,1.127581624063271981e+01,7.932035500439536690e+01
2.458576359627746843e-01,5.597778845517395894e+02,1.078824393432174134e+01,8.567619456279011558e+01
2.458156262793722291e-01,5.419998879280346955e+02,1.025605953457357877e+01,7.862722050330857826e+01
2.457742444537891202e-01,5.410144326875359866e+02,1.000602660543449751e+01,8.166811375819794705e+01
2.457321968988084859e-01,5.852826298437539663e+02,1.000514381176424017e+01,8.323405082299782975e+01
2.456899328976532570e-01,5.770812101807482577e+02,1.000960528225004253e+01,8.015004218311582918e+01
2.456490857488809187e-01,5.837766191650173369e+02,1.000470013023270965e+01,8.239044881033437662e+01
2.456081423767491334e-01,5.891755933115664448e+02,1.000249173126821489e+01,7.805194448342125213e+01
2.455664964361291280e-01,6.199337651103463713e+02,1.003928563710188548e+01,8.778395466741594078e+01
2.455253141116156557e-01,6.274316606338408064e+02,1.001963605347317809e+01,8.619370452767938673e+01
2.454836015270457639e-01,6.665722090473298067e+02,9.992240329780067043e+00,8.572093731531630567e+01
2.454427394357309167e-01,6.690498338157250373e+02,1.002269777801148187e+01,8.214158944483475011e+01
2.454022601941703019e-01,6.460075053239435192e+02,1.001022051323166373e+01,7.998728953490844162e+01
2.453601967706692255e-01,6.737058615838524247e+02,9.972275929398319860e+00,8.585552353174388429e+01
2.453195002531861901e-01,6.635484625984381637e+02,1.001745604161963499e+01,8.352940525936354277e+01
2.452778953862464750e-01,7.047936979648585520e+02,1.000145638305805207e+01,8.360604040160323791e+01
2.452362433755055637e-01,7.386671558219510416e+02,1.000115265247290353e+01,8.582386325171331976e+01
2.451956033160462012e-01,7.127846212609857730e+02,1.002165720601021093e+01,8.083386602318391567e+01
2.451547259470226725e-01,7.344616975865131963e+02,9.972229441129213612e+00,8.274606447673090770e+01
2.451143517929837146e-01,7.298848222724935795e+02,1.001741084581074581e+01,7.985780143174190471e+01
2.450731339320631197e-01,8.075685133236354432e+02,1.000215580124229042e+01,8.374895596070415138e+01
2.450394582612079875e-01,8.536692653465565854e+02,9.998896604591637427e+00,9.073910851259476829e+01
2.451014714986495535e-01,8.778186811378008088e+02,9.972945802518152547e+00,8.642541842552616060e+01
2.453854433918115918e-01,8.203350925133612463e+02,1.008820597038740274e+01,8.003895435304210082e+01
2.456624894568233686e-01,7.274418310633144529e+02,1.001541731308525485e+01,8.399734695488214697e+01
2.461110855946528342e-01,6.620398229159104631e+02,1.133494326337535973e+01,7.845155501982202395e+01
2.467052176916842143e-01,6.431294073528152921e+02,1.372457766183896588e+01,7.661201647220524080e+01
2.473835835594029031e-01,6.369678230847689520e+02,1.618020604462470047e+01,6.873664741754221552e+01
2.481464581861770879e-01,6.675919624057870578e+02,1.810152897532270089e+01,6.907118867612356894e+01
2.489589511176039938e-01,5.184406562981547495e+02,1.992750841252272309e+01,5.959299950794315492e+01
2.497725815468332111e-01,5.320707473984497256e+02,2.120837841858997308e+01,6.076926242156323354e+01
2.505552427382470304e-01,5.103406764633212447e+02,2.174483299904434475e+01,5.187066386506892712e+01
2.513707228269083105e-01,5.196608043373463488e+02,2.237566197288433045e+01,5.608986119177042440e+01
2.521594797938384591e-01,4.877408967812822311e+02,2.198492209154629862e+01,4.977901566507998865e+01
2.529199373362585046e-01,4.962536393781051061e+02,2.207351870301996755e+01,4.689462036389510757e+01
2.536365405192012590e-01,4.839548831179536137e+02,2.238021217782136318e+01,5.456338001398497539e+01
2.543690524197362302e-01,4.789177201109365569e+02,2.207148918040965313e+01,5.171365321865693687e+01
2.550364182224606480e-01,5.035888212380502296e+02,2.167409843463747876e+01,4.970061148418064079e+01
2.556763806187020149e-01,4.838673355057864001e+02,2.089256955204228206e+01,5.544933258561478340e+01
2.562514547196739767e-01,5.118192524258685125e+02,1.991086531258348913e+01,5.406853811647358299e+01
2.567520846474981577e-01,4.736623021006175804e+02,1.874150950374307811e+01,5.914198306034811026e+01
2.571060787033866424e-01,5.217382475054249653e+02,1.750908832792803693e+01,6.466446393479887433e+01
2.573586905426636373e-01,5.515803136497448804e+02,1.655400016908389205e+01,6.725323670716230140e+01
2.574340581835777853e-01,5.263974526731800552e+02,1.502525714083672348e+01,6.376284685028201693e+01
2.574065185886970641e-01,5.418273044987229241e+02,1.350998319281284843e+01,6.376171561597742965e+01
2.573531458619791046e-01,5.528219346448132683e+02,1.221197477037893009e+01,6.760960963236098564e+01
2.573035126752752366e-01,5.451114049802718000e+02,1.109842292937427111e+01,6.893628704587749212e+01
2.572580888626536111e-01,5.783682739818590335e+02,1.032552037416433777e+01,7.505525933386493875e+01
2.572151188699229318e-01,6.182328831642469140e+02,9.998862893711951472e+00,7.919029566835919809e+01
2.571723282234283925e-01,6.196288322694009594e+02,1.002037657915906443e+01,8.456665015193736679e+01
2.571295997944186285e-01,6.539122055089205787e+02,1.021306763278893470e+01,8.216527473759686018e+01
2.570851601506499162e-01,6.580112368963447125e+02,1.016267792696925554e+01,8.144830971594515745e+01
2.570417627094145341e-01,6.636566610996957252e+02,1.001142663376658604e+01,8.820524211624183408e+01
2.569988027274349718e-01,6.926308883423583893e+02,1.000969693776888825e+01,8.811212252245265120e+01
2.569545876027130582e-01,6.805468044328611086e+02,1.020695759247770695e+01,8.695891160154670274e+01
2.569106134927168772e-01,6.937317224720536615e+02,9.964749919352362539e+00,8.396337404117929282e+01
2.568668263866047408e-01,7.187131975338340908e+02,9.998513862512027117e+00,8.763057886407807473e+01
2.568229023306552450e-01,7.311737335428169899e+02,1.001797631578990178e+01,8.442348703833737034e+01
2.567789075056290948e-01,7.638955670546328065e+02,9.966433774426429082e+00,8.312462838247444097e+01
2.567346043075478534e-01,7.898691666265697222e+02,1.000770637597128498e+01,8.485499985970103864e+01
2.566919990369993521e-01,7.388093347546316636e+02,9.992570525395947811e+00,8.154241168916387039e+01
2.566487690282823753e-01,7.871750356917882527e+02,9.997809899512366982e+00,8.881610555095809900e+01
2.566044772902587034e-01,7.791944293704477786e+02,9.988281551435470362e+00,8.230246482126295859e+01
2.565602834882464989e-01,8.314355523763335896e+02,9.965762931317598827e+00,8.238930845173510420e+01
2.565166684728792945e-01,8.031721837411856768e+02,1.002872821846811568e+01,8.661226987418554302e+01
2.564739912950357303e-01,8.249465789441286461e+02,9.969493769626760482e+00,8.621520299656330621e+01
2.564299782164506381e-01,8.532606923390102338e+02,1.001565676623357426e+01,8.908088892552925131e+01
2.563858084671153392e-01,9.131286757411835424e+02,1.002054755589993817e+01,8.556484971006599949e+01
2.563416811478660406e-01,9.527516169213429293e+02,9.957443695741499567e+00,8.152402121420722381e+01
2.562995736917318412e-01,1.023156951677539610e+03,1.001198316946510403e+01,9.272814487099826408e+01
2.562881819722195309e-01,1.044256271168582771e+03,9.972062894219588358e+00,9.226367989390428193e+01
2.563175637087330427e-01,1.067397365585072066e+03,1.002676213218389734e+01,8.260945917774421332e+01
2.564034409474625908e-01,1.117127814169538169e+03,1.001229124843142060e+01,8.266996606214497945e+01
2.565569323299685678e-01,1.218807811819001017e+03,9.976870217125201279e+00,8.554094294018069888e+01
2.567633153902238452e-01,1.220535565711172012e+03,1.002437738591884120e+01,8.907656238102912027e+01
2.570427031437546028e-01,1.192676331090744725e+03,9.990501824678879927e+00,8.178970377421067894e+01
2.574248664700135025e-01,1.251156194106825978e+03,1.002717901165967085e+01,8.458924460718563410e+01
2.579052229182348666e-01,1.299223467795298802e+03,1.031011639863261919e+01,8.257257906941994463e+01
2.584457580347290229e-01,1.288638620963438370e+03,1.082052101162990709e+01,7.731645636672050159e+01
2.592715427908753867e-01,1.353947838658465344e+03,1.271087146301440107e+01,7.902057526628817641e+01
2.603689417626737224e-01,1.329441983071342975e+03,1.574760152566718396e+01,7.605322851741073009e+01
2.616036275839977443e-01,1.076999341965338544e+03,1.911306034771318352e+01,7.817493417267499467e+01
2.627037446097076345e-01,9.069151746990623906e+02,2.062057427852461089e+01,7.355336298994403421e+01
2.636743277547334841e-01,7.162766230833624377e+02,2.068146115449262368e+01,7.127314793732217879e+01
2.645903474588722215e-01,6.470546503365281978e+02,2.064963431133539729e+01,6.699394097694998607e+01
2.653765871117453878e-01,5.720114262475758551e+02,2.018994968745259655e+01,6.127739440647831515e+01
2.661162302822219772e-01,5.631503799431038715e+02,1.963577235025453760e+01,6.959191232236757685e+01
2.666818383269468629e-01,6.187572342705133224e+02,1.838513874215053789e+01,7.142552055132050270e+01
2.672691911377110818e-01,6.681077873230639170e+02,1.735084021670392218e+01,7.625175645220062393e+01
2.675901291759417155e-01,7.490496747978658050e+02,1.556828540413819262e+01,7.661887161863732842e+01
2.679248420166845390e-01,9.321548172176841263e+02,1.456825275372352380e+01,8.670254298002693361e+01
2.680324290359095141e-01,9.669780736834856043e+02,1.290268734937335715e+01,9.108826474622556191e+01
2.680060760203138992e-01,1.151123479801372923e+03,1.100639312157873739e+01,9.159039126255626684e+01
2.679580815764568968e-01,1.287709062260555811e+03,1.010775343220505640e+01,8.612332489697840288e+01
2.679130351167072766e-01,1.476615774216475074e+03,1.001181688095206646e+01,8.659979374886530934e+01
2.678674592715953318e-01,1.547846576440462286e+03,9.999006334247399153e+00,8.650152324321004471e+01
2.678222462030760975e-01,1.628616870480335592e+03,9.981816039205558155e+00,8.424640262158646919e+01
2.677767157652803931e-01,1.563247604605338893e+03,9.972849735358499501e+00,8.523552876734298422e+01
2.677325826128958419e-01,1.700614638697615874e+03,1.001978198157252464e+01,8.584519309216921101e+01
2.676883049967933026e-01,1.606380891898422306e+03,9.986459135535673326e+00,8.782322297070592754e+01
2.676427649347464799e-01,1.665472587420402760e+03,1.001946278523459810e+01,8.539611773941801687e+01
2.675977576518173695e-01,1.566721114856552276e+03,1.018228988445213545e+01,8.142875749016040743e+01
2.675509118419457377e-01,1.659560990184143520e+03,1.026361610699986926e+01,8.604175837957394890e+01
2.675045140593158011e-01,1.345551273896605153e+03,1.009980615970704676e+01,8.362678934818875121e+01
2.674582051097100788e-01,1.399120897849822313e+03,1.037912883513737583e+01,8.463046654637633992e+01
2.674116852919088960e-01,1.373597018038502483e+03,1.054156049448536692e+01,8.366621713646695468e+01
2.673658792427031083e-01,1.448337726844244344e+03,1.001328962756278429e+01,8.433559783514743913e+01
2.673211757040373504e-01,1.519097062623213787e+03,1.017782315466214982e+01,9.355672853182986159e+01
2.672754823078614672e-01,1.501480268854357519e+03,1.044228914346586912e+01,8.679478047531924290e+01
2.672303114552322389e-01,1.624820584142009693e+03,1.000587286792637975e+01,8.793535664636920046e+01
2.671847566463719792e-01,1.598506606461783122e+03,1.005432752628104431e+01,8.444262261562029437e+01
2.671396740129770020e-01,1.625547329389286233e+03,1.011294824226214040e+01,8.335952677996986893e+01
2.670938940374354420e-01,1.515087206472977641e+03,9.990807898985091029e+00,8.627425055872353710e+01
2.670490013563375786e-01,1.531584938946047714e+03,1.031499230097432651e+01,8.487379183994086418e+01
2.670033111280119553e-01,1.549355472790732620e+03,1.000533523450888396e+01,8.398053833715596284e+01
2.669579295095016458e-01,1.558873911642132271e+03,1.013141811888545796e+01,8.390266007407704762e+01
2.669133541913451535e-01,1.625804416444003664e+03,1.000353375664056976e+01,8.170352086903658062e+01
2.668684328525737781e-01,1.617330236799208933e+03,1.031795811932102502e+01,8.311105066444827116e+01
2.668431247424281061e-01,1.479826402870159882e+03,9.985133394225695014e+00,9.016331367271970976e+01
2.670402854522110903e-01,1.583916607446657508e+03,1.029359442139960201e+01,8.456191523309489355e+01
2.674114150860716910e-01,1.515810533783672099e+03,1.110496199267734241e+01,8.389882714518950024e+01
2.679983304294047408e-01,1.646137848900942572e+03,1.265544296967235915e+01,8.581434612431770859e+01
2.685363897728292315e-01,1.576993359838320885e+03,1.350287824343631904e+01,8.174055801602187898e+01
2.691423068411739061e-01,1.561643887963991574e+03,1.439759561115180375e+01,8.150026945195261874e+01
2.699664965534241401e-01,1.579988735111523738e+03,1.581613434449010391e+01,8.692056874304765302e+01
2.706412843517670974e-01,1.602353944103267395e+03,1.629507327811078810e+01,8.391944916071027194e+01
2.713700174266249210e-01,1.568131211026705387e+03,1.683900196566396801e+01,8.382737344468768015e+01
2.717586842691064875e-01,1.500476397559695670e+03,1.588986439523303495e+01,7.907307116309864625e+01
2.725080156297391976e-01,1.674513615185396247e+03,1.691728738226295192e+01,8.852928813683662668e+01
2.731504614034461764e-01,1.583028479305963629e+03,1.698188618688054063e+01,8.629640385094043609e+01
2.737123573440281010e-01,1.612373067671909894e+03,1.681498851813188367e+01,8.502323742982325427e+01
2.745080982145401971e-01,1.652767175150019966e+03,1.772220511266434428e+01,8.077816481076145294e+01
2.753201382035996847e-01,1.610138169411414083e+03,1.829910335498005125e+01,8.347013800845839171e+01
2.763561685087272402e-01,1.379849180240663600e+03,1.983058760148814770e+01,7.741572319079716635e+01
2.772257158893211559e-01,1.187139758058424377e+03,1.996592229540464203e+01,7.415167026460044042e+01
2.776795797445699154e-01,1.324624647286203981e+03,1.860938271407685463e+01,9.038386968923012432e+01
2.780121116547226157e-01,1.508251502918719780e+03,1.713306178347951558e+01,8.697396226770027283e+01
2.782791158130595854e-01,1.455654971313830174e+03,1.578553305197903889e+01,8.307817180389787382e+01
2.784452961153724981e-01,1.614690830258801043e+03,1.468698312941439887e+01,8.983966845374992261e+01
2.785164266929960331e-01,1.325846456578675543e+03,1.336102836549316741e+01,8.227133304448875606e+01
2.784976025037292913e-01,1.317288691017162591e+03,1.220564390516769038e+01,8.207445643133095814e+01
2.784434439344714018e-01,1.324356083932849742e+03,1.137121582112422935e+01,8.109476918693661673e+01
2.783923086777563838e-01,1.330948899626466527e+03,1.088094437866997133e+01,8.661523187702250937e+01
2.783441691708998800e-01,1.359285851619826644e+03,1.053961674967260187e+01,8.572144723127384225e+01
2.782966300380080860e-01,1.300659519895238873e+03,1.023625970747536584e+01,8.498721581070755349e+01
2.782485290881092643e-01,1.225908788715874152e+03,1.006444516776154252e+01,8.700306608416535425e+01
2.782022230503092830e-01,1.181671393209467851e+03,1.004379077762797756e+01,8.428793552277660694e+01
2.781557327861421958e-01,1.221849801991247659e+03,9.999087345984959185e+00,8.485553709506994835e+01
2.781091035868674677e-01,1.197890799282093894e+03,1.023966430810362915e+01,8.889513796085520880e+01
2.780604510050405098e-01,1.201462606972030699e+03,1.044419122225262342e+01,8.241020859972294943e+01
2.780131089022888635e-01,1.155163184652656355e+03,1.055065017810900585e+01,8.163289649128603287e+01
2.779635524016029202e-01,1.201345448089421552e+03,1.056578656626217594e+01,8.300011811540326789e+01
2.779153996366151569e-01,1.181111181021407219e+03,1.051332414255593228e+01,8.452263452439940750e+01
2.778661200527853814e-01,1.062827539469280055e+03,1.034693640246727675e+01,8.156089324761762782e+01
2.778188201600825247e-01,1.110386323695363899e+03,1.021662745365860658e+01,8.724607612170545679e+01
2.777702080242899774e-01,1.160731322083436908e+03,1.030570086629106541e+01,8.484376670347252514e+01
2.777213354315771210e-01,1.119423661782775980e+03,1.030815408439275060e+01,9.081398246922542228e+01
2.776742039044846622e-01,1.126941087978869064e+03,1.036190380648842968e+01,8.083600744000899851e+01
2.776251146859451402e-01,1.188044848906891502e+03,1.031421699162918770e+01,8.460798823374496180e+01
2.775775532582710481e-01,1.176663430340700188e+03,1.030269604909210024e+01,8.680475125810910697e+01
2.775299986502873240e-01,1.246001182137426667e+03,1.039322274513006761e+01,8.427338443241633570e+01
2.774812292860799334e-01,1.188304962631098533e+03,1.034937818014468291e+01,8.972523020886737299e+01
2.774335667216985546e-01,1.205258715016057522e+03,1.040399767361560102e+01,8.263137413400214371e+01
2.773867373016537519e-01,1.237048339363431978e+03,9.997847022655035332e+00,8.501326949698133717e+01
2.773400651755201785e-01,1.279486449527233390e+03,1.005616059020345610e+01,8.619612990290472965e+01
2.772974453629436509e-01,1.422703308761415656e+03,9.997748000614235409e+00,8.292282766444942865e+01
2.774287872792357001e-01,1.470944671723321335e+03,1.025702487112705619e+01,8.737627084516820730e+01
2.775824241276128590e-01,1.481972133405612794e+03,1.047256337076411370e+01,8.397537728630931042e+01
2.780785700959564899e-01,1.508221470646151829e+03,1.198353206504607726e+01,8.220866973549711076e+01
2.787551338217369445e-01,1.199816229779009063e+03,1.392904237903898590e+01,7.885933667065852148e+01
2.795461651613497800e-01,8.985195717367133739e+02,1.589323525957290073e+01,7.362766748727250388e+01
2.803508718832174451e-01,6.897308104578538632e+02,1.756576506280055483e+01,7.605006853844862746e+01
2.811501942132528797e-01,5.736536808828817584e+02,1.892806014483866051e+01,7.091357508358127859e+01
2.819626669344312275e-01,5.325282583055749228e+02,1.989815169457369493e+01,6.665403944843154704e+01
2.827657716026588663e-01,5.027325993680641432e+02,2.047340372635742867e+01,6.053791433162173519e+01
2.835839522104848243e-01,4.932478192324778092e+02,2.021674597656273775e+01,5.877979784459022028e+01
2.842462131395016023e-01,5.238960329931406932e+02,1.897212957548247658e+01,6.546282290389417824e+01
2.847633159891948540e-01,5.556210356802226897e+02,1.771807262557237195e+01,6.620897604034378503e+01
2.852895700847081217e-01,5.875633910139738418e+02,1.712330580504719180e+01,7.421130222796385567e+01
2.857602634129570163e-01,6.643642356477242856e+02,1.679389148641380913e+01,7.361888275448835373e+01
2.862283033267070675e-01,6.980036785643809480e+02,1.670979156666968990e+01,7.976593428219305792e+01
2.869243119105627238e-01,6.876853137145956225e+02,1.807117829775137707e+01,6.971794499647947418e+01
2.877209050250235101e-01,6.703443104135436670e+02,1.954700729035496565e+01,6.817749789841099073e+01
2.884031736860817041e-01,6.348832403002327283e+02,2.008659125962567771e+01,7.284277440754047461e+01
2.890017212626322385e-01,6.550767710071609145e+02,1.996549797015861571e+01,7.788973244577951505e+01
2.894657241529988712e-01,7.331182511196999485e+02,1.909875155445089590e+01,7.777291526850954995e+01
2.897823131580095635e-01,8.214162466926022717e+02,1.796200767005764121e+01,8.419788597981553835e+01
2.898799325970292662e-01,7.910328665203896890e+02,1.587390485605086354e+01,8.165478179346438026e+01
2.899253814470540425e-01,7.822897741822822582e+02,1.439333398201267933e+01,7.851878712253746073e+01
2.898718685989657429e-01,7.986619744938773238e+02,1.312406372955827649e+01,8.173699555271799966e+01
2.898145177751649815e-01,8.344077453356928800e+02,1.198171908696200205e+01,8.463033789506172866e+01
2.897610699195423134e-01,8.174996950580471093e+02,1.121426181882965345e+01,7.814368859803370526e+01
2.897083651417067807e-01,8.538956345238274253e+02,1.056332795656435408e+01,8.369871551081334360e+01
2.896574561040048956e-01,8.226547378668821011e+02,1.005899464327859150e+01,8.351175869103271054e+01
2.896091657778363526e-01,8.447456825180980786e+02,9.992863108117665760e+00,9.104729630562367504e+01
2.895611175061885700e-01,8.680838001221075046e+02,9.992293356829993201e+00,8.305999419900955161e+01
2.895111487508471582e-01,8.879691595296598052e+02,9.992172220624496504e+00,8.278854311285167000e+01
2.894626615818547966e-01,8.784154741035600864e+02,1.000753636150403914e+01,8.449180530090016816e+01
2.894145237765198275e-01,8.895625854579577663e+02,1.008589516212219550e+01,8.159055193291430896e+01
2.893650718213489070e-01,9.567811451392769868e+02,1.000239565394739216e+01,8.759531069283754334e+01
2.893151683729322521e-01,9.370522677516946715e+02,1.006310571701398970e+01,8.521283199322800783e+01
2.892666057312202610e-01,9.476862755149312534e+02,1.007434365055338432e+01,8.774535659495344930e+01
2.892170043507082400e-01,9.553169030089321723e+02,1.014390541027580106e+01,8.744843846926043796e+01
2.891673944532490159e-01,9.422138495196863914e+02,1.019253202101576861e+01,8.513504600599905814e+01
2.891167956115037740e-01,9.509653560327490140e+02,1.022526574449185865e+01,8.619444270118009399e+01
2.890677613540880153e-01,9.745097285474301998e+02,1.024830133519314046e+01,8.350436071156262585e+01
2.890178310159902120e-01,9.211964860816067358e+02,1.026414524326911959e+01,8.648147621228679327e+01
2.889682949273143509e-01,9.579575574236822604e+02,1.027517776085332635e+01,8.517721076549334214e+01
2.889177215642053653e-01,9.503765292568825771e+02,1.015346453992042974e+01,8.647772348442106249e+01
2.888690502746252275e-01,9.441213622293662411e+02,1.035744296536765674e+01,8.338189610362552173e+01
2.888191081958489392e-01,9.364946672396376925e+02,1.040558665065136523e+01,8.298332027607479233e+01
2.887686929860920348e-01,9.700063037749922614e+02,1.026080900495437831e+01,8.364464266619506816e+01
2.887202017205467430e-01,9.904297384487877025e+02,1.000376193436942529e+01,8.624023226795128494e+01
2.886739141079179283e-01,9.900538573301018914e+02,1.000386100441022030e+01,8.174732906410486066e+01
2.886800444234762231e-01,9.833514507847398818e+02,1.007320397514316035e+01,8.572855531533124918e+01
2.887712201647905097e-01,9.711185315280564510e+02,1.046795820860988258e+01,8.322502411777684017e+01
2.889149872980574241e-01,9.769654043303055460e+02,1.093864500119499361e+01,8.512478921640683893e+01
2.892001691924833695e-01,9.292185272303375996e+02,1.183731581061001847e+01,8.485283602660017266e+01
2.894815321920095608e-01,9.409275233639792759e+02,1.252824448269501012e+01,7.915832600558070453e+01
2.898965313329109339e-01,9.438190246365028315e+02,1.362990174971007740e+01,8.478111143612021294e+01
2.901929735805762745e-01,9.871853416077367456e+02,1.392589840902146747e+01,7.734267853847542540e+01
2.905422161874478548e-01,1.178394884200998376e+03,1.434261080228307073e+01,8.389944491278744465e+01
2.909851287713394741e-01,1.159390395264065091e+03,1.502419487412042720e+01,8.222634166165892111e+01
2.915781498728358678e-01,1.258184073515820955e+03,1.603362722728906320e+01,7.952084235971790349e+01
2.921844502120446996e-01,1.386043389004827986e+03,1.680040953711345963e+01,7.821126304379234284e+01
2.928562194821380804e-01,1.497520527859890535e+03,1.758449261335636038e+01,8.019374055339488905e+01
2.934484018943910866e-01,1.452515348060047017e+03,1.794503831326910870e+01,8.496420751309561581e+01
2.939941090228628262e-01,1.541262283163566053e+03,1.791867005935722901e+01,8.304918564184038132e+01
2.947188150431993003e-01,1.380405080195318078e+03,1.852039659027662921e+01,8.011249176442183284e+01
2.953884127143906468e-01,1.408555881917896613e+03,1.878409743026156420e+01,7.984722044094634441e+01
2.959344802783359096e-01,1.511582314240612504e+03,1.851247629406721629e+01,8.905584666548325856e+01
2.963703435596945490e-01,1.471706360995348177e+03,1.769056925222750110e+01,8.353952540232653234e+01
2.966007688972769341e-01,1.311081744308114821e+03,1.632722355763179323e+01,8.922598706918245171e+01
2.968801742827456014e-01,1.155724171928123496e+03,1.560074177244618632e+01,7.883886455665837900e+01
2.969531040586966819e-01,1.069803950488818373e+03,1.434368780834329904e+01,8.526691006348228541e+01
2.970459626914374596e-01,9.997470849303751947e+02,1.366247135020180359e+01,8.500072381968061563e+01
2.970222078328871862e-01,9.266633548173012969e+02,1.274681379714344587e+01,8.102633545281878469e+01
2.969629181369109472e-01,9.027540508703256137e+02,1.180883397307509775e+01,8.665583183095050401e+01
2.969065139491831595e-01,8.856271387696947386e+02,1.107156400967209109e+01,8.422872896125186060e+01
2.968531416004874246e-01,8.433671461702458600e+02,1.052833114768696277e+01,8.781944481163593252e+01
2.968029546280356312e-01,8.274367959387017208e+02,1.021339691638809555e+01,8.388137168967044488e+01
2.967509120311370707e-01,8.687779228367259066e+02,1.030805787247344263e+01,8.607792299502884248e+01
2.967012099709011030e-01,8.952258222917704416e+02,9.997052494971104153e+00,8.808832268115307329e+01
2.966508117612133288e-01,8.860296164564302899e+02,1.000760704040828841e+01,8.747378188729926762e+01
2.966012406127317980e-01,9.226699755411282240e+02,1.000551346949229270e+01,8.186639754798716240e+01
2.965503787177907191e-01,8.535231431702098917e+02,1.000002972646395882e+01,7.918759843686743238e+01
2.964996479669380069e-01,9.155314860094450751e+02,9.997915476895393283e+00,9.034488094146372816e+01
2.964487621520871530e-01,9.583847368943415859e+02,1.005905869386836038e+01,8.716075715951761538e+01
2.963983194539646648e-01,9.022602895192969754e+02,9.999264583460810485e+00,8.210228125105039965e+01
2.963474236349993296e-01,9.466431464807475322e+02,9.989027131305656226e+00,8.192009058262088672e+01
2.962978731476014760e-01,9.582697228522895330e+02,1.025107976362990847e+01,8.617792209867032227e+01
2.962472540911313956e-01,9.568890644377197532e+02,1.001284413989326438e+01,8.517094514243119363e+01
2.961967346629322817e-01,1.028079396497787002e+03,1.002243520031681001e+01,9.058481462993368893e+01
2.961462252407490725e-01,9.972882925362371225e+02,9.996471519684494211e+00,8.613974275977143691e+01
2.960950721040813693e-01,9.996844857254612862e+02,1.004040019063712030e+01,8.345285793638478822e+01
2.960444318910352979e-01,9.588753568345667873e+02,1.000868496424295628e+01,8.206571688459065683e+01
2.959937768718517437e-01,1.053643553969427103e+03,1.029412891415490705e+01,8.010371949131169345e+01
2.959436492468804913e-01,1.037043775124170907e+03,9.994552098646536820e+00,8.492204881075939227e+01
2.958933634262229662e-01,1.052872346318411246e+03,1.007684785644715930e+01,8.627170398637312587e+01
2.958445133724815213e-01,1.049665254481695001e+03,9.989207502258176774e+00,8.378397137820897456e+01
2.957934633176462769e-01,1.066732157902117706e+03,1.015599107717433469e+01,8.314528569041888773e+01
2.957432488077208488e-01,1.125334063152405406e+03,1.036583479010003472e+01,8.152001316777943885e+01
2.957011617551293936e-01,1.080912876554451032e+03,1.028238533225958307e+01,8.261114381967082920e+01
2.956772471094503696e-01,1.151973644792771665e+03,1.016552777742328928e+01,8.857683990701279697e+01
2.956937992992118569e-01,1.137500679491218307e+03,1.000787765563861598e+01,8.468137693845631020e+01
2.957922514511288625e-01,1.097856733483276230e+03,1.017571261288190065e+01,8.859214123665226737e+01
2.958330634868942544e-01,1.174560821977629075e+03,1.011529534409720021e+01,8.633420873429881226e+01
2.958792817616361370e-01,1.198209246210392166e+03,1.008730758781083559e+01,8.516929913094368487e+01
2.960047345026511900e-01,1.319355769074828231e+03,1.034181564739179748e+01,8.264846855203113307e+01
2.961746629086721150e-01,1.309839428282750077e+03,1.074960425782279039e+01,8.039630474125638671e+01
2.962435604620088370e-01,1.382170098549212980e+03,1.063589121738818122e+01,8.668733283122956834e+01
2.964989347485320059e-01,1.468773951652728329e+03,1.118174680278029776e+01,8.599806905522213185e+01
2.967281089006093553e-01,1.588077912354552382e+03,1.154803842573632267e+01,8.287650893357917425e+01
2.968865035345936154e-01,1.340386010749109346e+03,1.150725820741200423e+01,8.271648794512995551e+01
2.970001483498154182e-01,1.383879352521837518e+03,1.129862817538549358e+01,8.573449447458733630e+01
2.971959896847283233e-01,1.600510285530130886e+03,1.143147354321096643e+01,8.358897578060840772e+01
2.979506873094832642e-01,1.641071670005895157e+03,1.382898067906655371e+01,8.097520578289788773e+01
2.984736074701241360e-01,1.562641518955260153e+03,1.461360670974659648e+01,8.044513502461141741e+01
2.992169289913564345e-01,1.580210074319213845e+03,1.613373463473938330e+01,8.764175241591316023e+01
2.996312438799612621e-01,1.534228307053132767e+03,1.574579829956699939e+01,8.524345672676922447e+01
2.998113735094756760e-01,1.486618397643590924e+03,1.465662428892330027e+01,8.425021634694289219e+01
2.999633461583623428e-01,1.426304056041542026e+03,1.370272107934883188e+01,8.855007571631306007e+01
2.999205679616995801e-01,1.467850391835593427e+03,1.244339396018893673e+01,8.892128858057904495e+01
2.998870241239151579e-01,1.428830743660233111e+03,1.157747224780111139e+01,8.657350184097734314e+01
2.998349001944037306e-01,1.317658797324350871e+03,1.069182695663048932e+01,9.121579645630862387e+01
2.997839696001567966e-01,1.329361982146401942e+03,1.018601596862297143e+01,9.192363392471000338e+01
2.997339209696186502e-01,1.281053156199990326e+03,9.999594965786180012e+00,9.120603947390259236e+01
2.996821817537402843e-01,1.233241702667790150e+03,1.023339092856589794e+01,8.416246863688620294e+01
2.996301187557039447e-01,1.245594825300736602e+03,1.026781020260809818e+01,8.305232478417293862e+01
2.995791753557501824e-01,1.270856286728634359e+03,9.999004201756557464e+00,8.504711559656851705e+01
2.995282186630823795e-01,1.277649936973690274e+03,1.009160592397092771e+01,8.419291071551862160e+01
2.994774836590533562e-01,1.271191993931835214e+03,1.015614331613780053e+01,8.254333878437515182e+01
2.994263520091650643e-01,1.261204797359900795e+03,1.020206291529028952e+01,8.343142093307598373e+01
2.993762169832796527e-01,1.278760873199900743e+03,1.007722168948484764e+01,9.042385054438629766e+01
2.993257214448842296e-01,1.241517992066570287e+03,1.011423310816341470e+01,8.439398390612251433e+01
2.992743847930038892e-01,1.280535217669155600e+03,1.014008918379114021e+01,8.453040230510734432e+01
2.992244110118449929e-01,1.193494597655952248e+03,1.012712144477822740e+01,8.510535168648515025e+01
2.991728188691190060e-01,1.187241150193119665e+03,1.011857369212091839e+01,8.304581415066608940e+01
2.991214651134759261e-01,1.154488681683584673e+03,1.008847281280658414e+01,8.441418828187545387e+01
2.990717545776362396e-01,1.134993983393367671e+03,1.013292817526269474e+01,8.242935952591227533e+01
2.990198117768244623e-01,1.185071948772148971e+03,1.005115020734439746e+01,8.508907318810041431e+01
2.989683545257389996e-01,1.191620723467334756e+03,1.018129407856657309e+01,7.893163407820355815e+01
2.989166937127946677e-01,1.235260987282902988e+03,1.008288130199646027e+01,8.436326053738372366e+01
2.988663808026529867e-01,1.211986212007394215e+03,9.997249587446006558e+00,8.316749766548238654e+01
2.988141965679120826e-01,1.218148526476685674e+03,1.047495884514320608e+01,8.083070659459833962e+01
2.987625745093916430e-01,1.267166918248147795e+03,9.996485251092389390e+00,8.049975713805963551e+01
2.987123651364060883e-01,1.254130975024435884e+03,1.006319348541346237e+01,8.839924180029915135e+01
2.986613174475405974e-01,1.227069501894640553e+03,1.006339969299254733e+01,8.170697164050957895e+01
2.986097791142215963e-01,1.259666947947238441e+03,1.033868252801741860e+01,8.427979093635882180e+01
2.985920349806941432e-01,1.376123349145063912e+03,1.010973368410464523e+01,9.013561015787945507e+01
2.986409044514076738e-01,1.310728171683963183e+03,9.999781089716273996e+00,8.832627674642469628e+01
2.987723919691356311e-01,1.345198459435948735e+03,1.031393190102770596e+01,8.554062018613825558e+01
2.991275623120026594e-01,1.318539343318130932e+03,1.148990965308072809e+01,8.164640320715371047e+01
2.995174359554577670e-01,1.309615453871297404e+03,1.262192204148488450e+01,8.573761969164040408e+01
3.000873276133114165e-01,1.191980580378557988e+03,1.416781150090812424e+01,7.508295424965581333e+01
3.009320676585584553e-01,8.874773803086329735e+02,1.664813774600436247e+01,7.143118284233382553e+01
3.016483369330588138e-01,6.852942208352138778e+02,1.780719087410600565e+01,7.837441503202522597e+01
3.025008658191617461e-01,5.460716143961634543e+02,2.027439309210775420e+01,6.447326162963389606e+01
3.032339937831767807e-01,5.274209778557426489e+02,2.109638802388365164e+01,6.628812545297554948e+01
3.039568521418894442e-01,4.995698110911364438e+02,2.073090450573776877e+01,6.254473075244854385e+01
3.047084455599621267e-01,5.087224438454158530e+02,2.127190398705342034e+01,5.752427902228189538e+01
3.054926488340546920e-01,5.066582769606158649e+02,2.190381821795470785e+01,5.288611689089407264e+01
3.062746761084521596e-01,4.935324698088621744e+02,2.163843046318586616e+01,5.452795483922184161e+01
3.070108306450755054e-01,4.829780825121769681e+02,2.088374478219625274e+01,5.203748062699876442e+01
3.076746953433346921e-01,4.779387353649417491e+02,1.960491914586715367e+01,5.587079925418343862e+01
3.084362890367182142e-01,4.991421152901780260e+02,2.013485503261517806e+01,4.941643753647555570e+01
3.091197722238582801e-01,4.934711004861246124e+02,1.978484572271134567e+01,5.583264007854830169e+01
3.096922872309649244e-01,4.959288469402313808e+02,1.837876699923404544e+01,6.059942580710983862e+01
3.099887944264352324e-01,5.260097033878445245e+02,1.596579879879097774e+01,6.216780707241147041e+01
3.101690854856085089e-01,5.324427633971070009e+02,1.435381610798734009e+01,6.904863913342425974e+01
3.102787341774757013e-01,5.385278273823852260e+02,1.326772932530248283e+01,7.453955907220620247e+01
3.103394481004761452e-01,5.601251602560539595e+02,1.239609175690992693e+01,7.895817536054686059e+01
3.103444977724910681e-01,5.985580368925868697e+02,1.169163055682431107e+01,8.136796933413560851e+01
3.102861620073208981e-01,5.741405953055453892e+02,1.094165367078774054e+01,7.910931166200933262e+01
3.102317697341076541e-01,6.369134881844468055e+02,1.042877132606938773e+01,8.412838324207926632e+01
3.101797460485014590e-01,6.624246723511751043e+02,1.003115585194298731e+01,7.967294203005518227e+01
3.101266769659111189e-01,7.059413851722572417e+02,9.997408337973491044e+00,8.554424776120379192e+01
3.100725522068861206e-01,7.037777451533193016e+02,1.031064566320219811e+01,8.633859240474696151e+01
3.100188332815925207e-01,7.137385616562690984e+02,1.000390387504516809e+01,8.911331475252744383e+01
3.099651435052868664e-01,6.836516757654187586e+02,1.023690935520111900e+01,7.844045341891744272e+01
3.099128116411180023e-01,7.398599661627615660e+02,1.000579159868211931e+01,8.283625328431527635e+01
3.098592458706352359e-01,7.557698796737187195e+02,9.995935089961999864e+00,8.844277744665443208e+01
3.098075464013463343e-01,7.570645482311900878e+02,1.000589946732087832e+01,8.475197162421969210e+01
3.097549756553707456e-01,8.002823890686171353e+02,1.001744046053625681e+01,8.576235467549641101e+01
3.097033383357656877e-01,7.433644581562574558e+02,9.993607675526352097e+00,8.268883785296875999e+01
